0.43|0.002
1.27|0.004
1.94|0.007
2.71|0.012
3.60|0.012
4.24|0.016
4.92|0.025
5.51|0.029
6.27|0.029
6.95|0.033
7.80|0.037
8.48|0.045
9.16|0.046
9.84|0.049
10.43|0.054
11.11|0.062
11.74|0.062
12.46|0.067
13.39|0.075
14.29|0.079
14.92|0.079
15.52|0.082
16.23|0.096
16.88|0.096
17.63|0.096
18.48|0.108
19.20|0.112
19.84|0.113
20.52|0.113
21.20|0.121
21.88|0.129
22.55|0.129
23.23|0.129
23.91|0.142
24.55|0.146
25.27|0.146
25.95|0.146
26.79|0.158
27.47|0.163
28.15|0.164
28.74|0.168
29.43|0.179
30.01|0.179
30.77|0.183
31.71|0.192
32.60|0.196
33.24|0.196
33.83|0.199
34.51|0.212
35.19|0.213
35.95|0.217
36.80|0.221
37.44|0.229
38.15|0.229
38.83|0.229
39.68|0.233
40.36|0.246
40.95|0.247
41.72|0.252
42.48|0.258
43.20|0.263
43.92|0.266
44.69|0.275
45.37|0.279
46.12|0.279
46.97|0.283
47.82|0.287
48.54|0.296
49.18|0.297
49.77|0.301
50.45|0.312
51.12|0.313
51.80|0.317
52.74|0.321
53.59|0.329
54.34|0.329
55.02|0.332
55.70|0.342
56.38|0.346
57.15|0.347
57.91|0.354
58.59|0.358
59.27|0.363
60.03|0.363
60.88|0.371
61.55|0.379
62.23|0.380
62.91|0.380
63.59|0.384
64.27|0.396
64.87|0.396
65.62|0.396
66.30|0.396
67.15|0.404
67.88|0.413
68.51|0.413
69.19|0.415
69.78|0.425
70.42|0.429
71.05|0.430
71.81|0.430
72.66|0.442
73.26|0.446
73.94|0.446
74.61|0.449
75.29|0.463
75.88|0.463
76.56|0.463
77.33|0.471
78.34|0.471
79.06|0.480
79.70|0.482
80.30|0.492
80.93|0.496
81.74|0.504
82.75|0.514
83.60|0.524
84.48|0.540
85.38|0.556
86.15|0.571
87.02|0.579
87.59|0.598
88.18|0.616
88.86|0.626
89.54|0.643
90.12|0.662
90.55|0.671
91.19|0.691
91.66|0.712
92.03|0.725
92.76|0.745
93.35|0.754
93.86|0.786
94.37|0.798
95.05|0.821
95.47|0.845
96.06|0.873
96.53|0.891
96.91|0.911
97.47|0.939
97.89|0.957
98.27|0.978
98.82|1.005
99.12|1.023
99.54|1.043
100.13|1.071
100.52|1.093
100.90|1.108
101.28|1.137
101.66|1.155
101.92|1.174
102.30|1.203
102.68|1.221
102.89|1.242
103.31|1.269
103.74|1.287
104.12|1.308
104.54|1.337
104.92|1.369
105.40|1.386
105.78|1.419
106.16|1.440
106.57|1.469
106.96|1.500
107.34|1.519
107.68|1.538
108.06|1.567
108.53|1.585
108.83|1.604
109.29|1.639
109.63|1.666
109.84|1.683
110.39|1.704
110.65|1.734
111.03|1.765
111.45|1.787
111.88|1.816
112.22|1.837
112.69|1.869
113.03|1.897
113.23|1.913
113.75|1.935
114.04|1.969
114.38|1.996
114.59|2.013
115.06|2.034
115.40|2.067
115.56|2.079
115.95|2.100
116.28|2.128
116.59|2.151
117.01|2.179
117.31|2.199
117.81|2.234
118.11|2.266
118.44|2.294
118.66|2.311
119.17|2.333
119.47|2.365
119.81|2.393
120.02|2.409
120.53|2.431
120.86|2.465
121.16|2.498
121.59|2.525
122.01|2.545
122.34|2.580
122.69|2.609
122.94|2.628
123.37|2.657
123.75|2.679
124.04|2.712
124.38|2.741
124.64|2.760
125.06|2.789
125.49|2.811
125.75|2.840
126.08|2.873
126.33|2.893
126.76|2.921
127.09|2.944
127.44|2.972
127.69|2.992
127.94|3.021
128.32|3.037
128.67|3.059
128.97|3.093
129.31|3.120
129.56|3.136
130.02|3.157
130.36|3.192
130.66|3.224
131.00|3.252
131.25|3.268
131.72|3.289
132.06|3.324
132.44|3.357
132.69|3.385
133.03|3.417
133.29|3.433
133.75|3.454
134.14|3.489
134.38|3.518
134.72|3.549
134.98|3.566
135.45|3.586
135.79|3.620
136.17|3.654
136.51|3.683
136.76|3.716
137.19|3.747
137.61|3.768
138.00|3.803
138.29|3.835
138.62|3.864
138.88|3.884
139.13|3.912
139.56|3.929
139.86|3.950
140.20|3.985
140.58|4.018
140.83|4.046
141.18|4.078
141.34|4.095
141.72|4.115
142.06|4.144
142.36|4.166
142.69|4.195
142.95|4.214
143.20|4.243
143.63|4.260
143.93|4.280
144.27|4.314
144.61|4.348
144.91|4.380
145.25|4.408
145.42|4.425
145.75|4.447
146.13|4.474
146.47|4.496
146.76|4.529
147.11|4.562
147.36|4.578
147.62|4.607
147.95|4.623
148.21|4.644
148.55|4.672
148.84|4.694
149.19|4.726
149.53|4.761
149.91|4.793
150.17|4.822
150.50|4.856
150.75|4.875
151.26|4.904
151.60|4.925
151.90|4.957
152.24|4.990
152.62|5.025
152.96|5.054
153.30|5.087
153.56|5.120
153.89|5.153
154.15|5.172
154.39|5.201
154.82|5.218
155.16|5.238
155.55|5.271
155.84|5.304
156.18|5.337
156.52|5.370
156.86|5.403
157.20|5.436
157.54|5.469
157.88|5.502
158.22|5.535
158.55|5.569
158.89|5.602
159.19|5.635
159.57|5.669
159.91|5.701
160.25|5.734
160.55|5.767
160.93|5.801
161.27|5.833
161.61|5.866
161.78|5.899
162.12|5.929
162.29|5.961
162.45|5.978
162.96|6.012
163.13|6.045
163.43|6.078
163.81|6.115
164.15|6.148
164.41|6.179
164.66|6.213
165.00|6.242
165.12|6.262
165.51|6.293
165.68|6.330
166.02|6.361
166.35|6.394
166.52|6.427
166.86|6.457
167.03|6.491
167.37|6.526
167.62|6.559
167.88|6.589
168.09|6.623
168.43|6.659
168.64|6.692
168.99|6.722
169.11|6.755
169.41|6.791
169.67|6.824
170.00|6.854
170.13|6.887
170.42|6.923
170.68|6.956
170.93|6.986
171.14|7.020
171.44|7.055
171.69|7.088
171.95|7.119
172.12|7.152
172.46|7.187
172.72|7.220
172.97|7.251
173.14|7.284
173.48|7.319
173.65|7.352
173.99|7.383
174.16|7.418
174.28|7.451
174.66|7.482
174.83|7.518
175.00|7.550
175.34|7.581
175.51|7.616
175.68|7.649
175.98|7.679
176.19|7.715
176.36|7.748
176.53|7.782
176.87|7.814
177.04|7.845
177.21|7.880
177.30|7.914
177.55|7.944
177.89|7.980
177.89|8.008
178.23|8.029
178.39|8.062
178.56|8.091
178.81|8.130
178.90|8.157
179.16|8.195
179.29|8.224
179.50|8.262
179.67|8.290
179.83|8.324
180.00|8.357
180.26|8.394
180.34|8.425
180.51|8.459
180.77|8.488
180.94|8.526
180.98|8.558
181.11|8.590
181.28|8.623
181.45|8.652
181.62|8.691
181.66|8.718
181.88|8.757
181.96|8.785
182.08|8.823
182.30|8.854
182.38|8.884
182.55|8.922
182.63|8.954
182.72|8.986
182.97|9.020
182.97|9.053
183.01|9.085
183.22|9.119
183.31|9.151
183.31|9.180
183.44|9.219
183.65|9.250
183.65|9.284
183.65|9.317
183.82|9.346
183.82|9.384
183.99|9.415
183.99|9.448
183.99|9.482
184.04|9.515
184.25|9.544
184.33|9.582
184.33|9.614
184.50|9.648
184.67|9.680
184.84|9.713
185.01|9.747
185.01|9.779
185.01|9.812
185.01|9.846
185.01|9.878
185.01|9.912
185.01|9.945
185.01|9.977
185.01|10.011
185.01|10.043
185.01|10.076
184.67|10.110
184.67|10.143
184.67|10.175
184.33|10.209
184.33|10.241
184.33|10.274
184.33|10.308
184.33|10.340
184.33|10.373
184.33|10.407
184.33|10.439
184.33|10.473
184.33|10.506
184.33|10.538
184.33|10.572
184.33|10.604
184.33|10.637
184.33|10.671
184.16|10.704
184.12|10.736
183.99|10.770
183.99|10.803
183.99|10.835
183.82|10.869
183.82|10.901
183.74|10.934
183.65|10.968
183.65|11.000
183.56|11.034
183.36|11.067
183.31|11.099
183.31|11.133
183.10|11.165
182.97|11.198
182.97|11.232
182.93|11.264
182.72|11.297
182.63|11.331
182.63|11.364
182.38|11.396
182.30|11.430
182.30|11.462
182.09|11.495
181.96|11.529
181.96|11.561
181.62|11.595
181.62|11.628
181.45|11.660
181.28|11.694
181.19|11.727
180.98|11.759
180.94|11.793
180.69|11.825
180.56|11.858
180.39|11.892
180.26|11.925
180.05|11.957
179.88|11.991
179.71|12.023
179.54|12.056
179.32|12.090
179.16|12.122
178.90|12.155
178.73|12.189
178.56|12.221
178.23|12.255
178.14|12.288
177.89|12.320
177.55|12.345
177.38|12.380
177.17|12.419
176.95|12.444
176.70|12.477
176.49|12.502
176.19|12.527
175.98|12.561
175.81|12.601
175.59|12.626
175.25|12.659
175.05|12.680
174.79|12.700
174.57|12.733
174.33|12.766
174.16|12.790
173.82|12.833
173.60|12.857
173.22|12.886
173.09|12.912
172.72|12.931
172.55|12.964
172.38|12.980
172.03|13.005
171.87|13.034
171.66|13.060
171.27|13.079
171.10|13.108
170.93|13.125
170.59|13.145
170.50|13.178
170.26|13.211
170.00|13.244
169.67|13.269
169.37|13.290
169.07|13.322
168.81|13.339
168.56|13.360
168.39|13.393
168.05|13.421
167.80|13.442
167.45|13.476
167.28|13.509
166.86|13.537
166.61|13.558
166.27|13.591
166.02|13.624
165.59|13.649
165.30|13.671
165.00|13.702
164.83|13.718
164.49|13.739
164.32|13.768
164.15|13.785
163.81|13.805
163.56|13.834
163.38|13.854
163.05|13.887
162.79|13.912
162.37|13.941
162.16|13.967
161.78|13.986
161.61|14.015
161.44|14.032
161.10|14.052
160.84|14.085
160.68|14.102
160.25|14.127
160.00|14.155
159.79|14.181
159.40|14.201
159.23|14.229
158.97|14.246
158.72|14.267
158.55|14.300
158.22|14.329
157.97|14.349
157.62|14.383
157.37|14.407
156.94|14.436
156.73|14.462
156.35|14.481
156.18|14.510
156.01|14.526
155.67|14.547
155.42|14.576
155.25|14.596
154.91|14.622
154.56|14.650
154.36|14.676
153.98|14.696
153.72|14.724
153.56|14.745
153.22|14.778
152.96|14.803
152.53|14.832
152.24|14.858
151.94|14.877
151.69|14.910
151.34|14.943
151.00|14.976
150.54|15.005
