0.02|0.01
0.17|0.01
1.02|0.07
1.96|0.11
2.99|0.14
4.02|0.17
5.16|0.22
6.08|0.26
7.42|0.29
8.45|0.32
10.10|0.36
10.93|0.39
12.36|0.42
13.81|0.46
14.63|0.49
16.28|0.52
17.73|0.54
18.76|0.57
20.41|0.60
21.95|0.62
23.50|0.67
24.53|0.69
25.84|0.72
27.31|0.74
28.86|0.77
30.09|0.79
31.75|0.81
33.39|0.83
35.05|0.86
36.56|0.90
38.03|0.92
39.58|0.94
41.02|0.95
42.47|0.98
44.11|0.99
45.77|1.02
47.42|1.03
49.16|1.05
50.72|1.08
52.36|1.09
53.80|1.10
55.45|1.12
57.10|1.13
59.06|1.15
60.61|1.18
62.67|1.19
64.53|1.21
65.76|1.22
67.62|1.24
69.47|1.25
70.91|1.26
72.25|1.29
74.22|1.30
76.27|1.31
77.82|1.33
79.57|1.35
81.53|1.36
83.49|1.38
84.94|1.39
86.28|1.42
88.23|1.42
89.88|1.44
91.33|1.45
93.08|1.47
94.62|1.48
96.07|1.49
97.61|1.52
99.36|1.53
101.22|1.54
103.28|1.56
104.72|1.57
106.17|1.60
108.02|1.60
110.15|1.61
112.15|1.62
113.79|1.64
115.03|1.66
117.09|1.69
118.74|1.69
120.19|1.70
121.84|1.73
123.69|1.74
125.34|1.74
126.57|1.77
128.64|1.79
129.88|1.79
131.43|1.81
133.18|1.83
134.62|1.84
136.88|1.85
138.53|1.87
139.98|1.88
141.62|1.90
143.48|1.92
145.13|1.92
146.57|1.94
148.43|1.96
150.49|1.97
152.25|1.98
153.79|1.99
155.44|2.02
157.09|2.02
159.22|2.04
161.00|2.05
162.75|2.07
164.30|2.09
166.16|2.11
168.12|2.12
169.67|2.14
171.11|2.15
172.55|2.17
174.40|2.18
176.26|2.20
177.60|2.22
179.76|2.24
181.21|2.25
182.44|2.26
184.30|2.28
186.36|2.29
188.22|2.31
190.07|2.34
192.13|2.35
194.19|2.37
195.64|2.38
197.50|2.41
199.62|2.42
202.10|2.44
204.57|2.46
207.18|2.49
209.25|2.51
211.10|2.54
213.23|2.55
215.43|2.56
217.08|2.58
219.04|2.62
220.38|2.63
221.82|2.64
223.26|2.67
224.50|2.67
226.43|2.69
228.83|2.71
230.69|2.73
232.12|2.75
234.19|2.77
235.63|2.78
236.97|2.79
238.73|2.81
239.96|2.83
241.61|2.84
243.26|2.87
245.32|2.89
246.97|2.92
249.03|2.93
250.48|2.95
251.92|2.98
253.57|3.00
255.63|3.01
257.28|3.03
258.82|3.05
260.37|3.08
261.40|3.09
263.05|3.12
264.70|3.12
266.76|3.13
268.21|3.16
269.13|3.20
269.75|3.21
270.47|3.25
270.58|3.29
271.09|3.31
271.61|3.36
271.71|3.38
272.12|3.41
272.12|3.46
272.12|3.49
272.23|3.52
272.53|3.57
272.53|3.59
272.63|3.65
272.95|3.70
272.95|3.75
273.25|3.79
273.36|3.84
273.36|3.90
273.98|3.95
274.18|3.97
274.18|4.01
274.18|4.04
274.39|4.10
274.81|4.13
275.01|4.18
275.62|4.23
275.83|4.23
277.17|4.26
278.82|4.28
280.78|4.30
282.43|4.31
284.07|4.34
285.73|4.37
287.38|4.39
289.02|4.42
290.68|4.44
292.32|4.46
293.98|4.50
295.62|4.52
297.27|4.54
298.93|4.57
300.57|4.60
302.28|4.62
304.38|4.65
306.35|4.68
307.58|4.70
309.23|4.73
310.88|4.76
312.12|4.77
313.76|4.80
315.41|4.82
317.06|4.85
318.57|4.88
319.95|4.90
321.39|4.93
322.32|4.96
323.87|4.99
325.00|5.00
326.44|5.04
327.99|5.06
328.92|5.08
330.47|5.11
331.70|5.12
332.94|5.16
334.38|5.19
335.82|5.21
337.06|5.25
338.19|5.28
339.74|5.31
341.19|5.33
343.04|5.37
344.27|5.39
345.92|5.44
347.16|5.46
348.81|5.50
350.25|5.53
351.90|5.56
353.35|5.60
354.79|5.62
356.54|5.66
357.88|5.70
359.32|5.75
360.98|5.77
362.00|5.80
363.44|5.83
364.78|5.87
366.13|5.89
367.47|5.93
368.91|5.97
370.25|6.00
371.59|6.03
373.03|6.08
374.17|6.10
375.72|6.13
377.16|6.17
378.70|6.21
380.04|6.25
381.49|6.28
382.41|6.31
383.86|6.36
385.30|6.38
386.95|6.42
388.09|6.46
389.01|6.49
390.45|6.53
391.69|6.55
392.93|6.62
394.37|6.65
395.81|6.70
396.53|6.72
397.67|6.76
398.70|6.81
399.94|6.83
400.97|6.88
402.00|6.94
403.54|6.99
404.68|7.04
405.71|7.09
406.53|7.12
407.77|7.17
409.01|7.22
409.73|7.27
411.07|7.33
411.89|7.37
412.72|7.42
413.75|7.47
414.57|7.52
415.39|7.57
416.23|7.62
417.12|7.67
417.94|7.72
418.69|7.78
419.42|7.83
420.25|7.88
420.75|7.93
421.59|7.98
422.06|8.03
422.89|8.08
423.54|8.14
424.06|8.19
424.58|8.23
425.09|8.29
425.71|8.34
426.19|8.39
426.53|8.44
427.15|8.48
427.56|8.54
428.18|8.59
428.55|8.64
429.00|8.69
429.62|8.74
430.04|8.80
430.65|8.84
430.86|8.90
431.27|8.95
431.89|9.00
432.31|9.04
432.51|9.10
433.12|9.14
433.50|9.20
433.96|9.25
434.47|9.30
434.77|9.35
435.19|9.40
435.61|9.45
435.88|9.51
436.22|9.56
436.43|9.61
436.84|9.66
437.25|9.71
437.46|9.76
437.73|9.81
438.07|9.86
438.49|9.91
438.69|9.96
438.90|10.01
439.11|10.06
439.52|10.12
439.52|10.17
439.93|10.22
439.93|10.27
440.13|10.32
440.34|10.36
440.55|10.42
440.76|10.47
440.76|10.52
441.17|10.57
441.38|10.62
441.58|10.67
441.58|10.72
441.58|10.78
441.99|10.83
442.40|10.88
442.40|10.93
442.40|10.98
442.50|11.03
442.82|11.08
443.23|11.13
443.23|11.18
443.23|11.23
443.44|11.28
443.85|11.33
444.05|11.38
444.05|11.44
444.05|11.49
444.37|11.54
444.47|11.58
444.68|11.64
444.88|11.69
444.88|11.74
444.88|11.79
444.88|11.84
445.29|11.89
445.70|11.94
445.70|11.99
445.70|12.04
445.70|12.10
445.70|12.15
445.81|12.20
446.12|12.25
446.32|12.30
446.53|12.35
446.53|12.40
446.63|12.45
446.84|12.50
446.94|12.55
447.35|12.60
447.35|12.65
447.35|12.70
447.35|12.76
447.35|12.81
447.35|12.86
447.35|12.91
447.97|12.96
448.18|13.01
448.18|13.06
448.18|13.11
448.18|13.16
448.18|13.21
448.49|13.26
449.00|13.31
449.00|13.36
449.00|13.42
449.00|13.47
449.21|13.52
449.41|13.56
449.41|13.62
449.41|13.67
449.41|13.72
449.41|13.77
449.62|13.82
449.83|13.87
449.83|13.92
449.83|13.97
450.65|14.02
450.65|14.08
450.65|14.13
450.65|14.18
450.65|14.23
450.65|14.28
450.65|14.33
450.65|14.38
451.48|14.43
451.48|14.48
451.48|14.53
451.48|14.58
451.48|14.63
451.48|14.68
451.48|14.74
451.48|14.79
451.48|14.84
451.48|14.89
451.48|14.94
451.48|14.99
451.48|15.04
451.48|15.09
451.48|15.14
451.48|15.19
451.48|15.24
451.06|15.29
450.86|15.34
450.65|15.40
450.65|15.45
450.65|15.50
450.65|15.55
450.65|15.60
450.65|15.65
450.65|15.70
450.65|15.75
450.65|15.80
450.65|15.85
450.65|15.90
450.65|15.95
450.65|16.00
450.44|16.06
450.24|16.11
450.24|16.16
450.24|16.21
450.03|16.26
449.83|16.31
449.83|16.36
449.83|16.41
449.83|16.46
449.83|16.51
449.83|16.56
449.83|16.61
449.83|16.66
449.83|16.72
449.83|16.77
449.83|16.82
449.83|16.87
449.83|16.92
449.83|16.97
449.83|17.02
449.83|17.07
449.83|17.12
449.83|17.17
449.83|17.22
449.83|17.27
449.83|17.32
449.83|17.38
449.83|17.43
449.83|17.48
449.83|17.53
449.83|17.58
449.83|17.63
449.83|17.68
449.62|17.73
449.51|17.78
449.41|17.83
449.41|17.88
449.41|17.93
449.41|17.98
449.41|18.04
449.31|18.09
449.00|18.12
449.00|18.15
449.00|18.20
449.00|18.25
449.00|18.30
449.00|18.36
449.00|18.41
449.00|18.45
449.00|18.50
449.00|18.55
449.00|18.61
448.90|18.66
448.69|18.71
448.59|18.76
448.59|18.81
448.59|18.86
448.18|18.91
448.18|18.96
448.18|19.02
448.18|19.06
448.18|19.12
448.18|19.16
448.18|19.19
448.18|19.23
448.18|19.27
448.18|19.29
448.18|19.34
448.18|19.39
448.18|19.45
448.18|19.50
448.18|19.55
448.08|19.57
447.76|19.61
447.42|19.64
447.35|19.71
447.35|19.77
447.35|19.81
447.35|19.87
447.35|19.91
447.35|19.96
447.14|20.02
446.94|20.06
446.74|20.12
446.53|20.16
446.53|20.21
446.53|20.27
446.53|20.32
446.53|20.38
446.42|20.42
446.12|20.48
446.12|20.52
445.91|20.58
445.70|20.62
445.70|20.67
445.70|20.73
445.19|20.77
444.88|20.83
444.88|20.88
444.68|20.92
444.26|20.98
444.05|21.04
443.64|21.09
443.23|21.13
443.23|21.19
442.82|21.23
442.40|21.29
441.69|21.34
441.58|21.38
440.97|21.44
440.35|21.48
439.73|21.54
439.21|21.59
438.28|21.64
437.66|21.68
436.74|21.73
435.61|21.77
434.47|21.82
433.34|21.87
431.82|21.91
430.65|21.95
429.00|21.99
428.38|22.02
427.15|22.06
425.23|22.11
424.26|22.14
422.62|22.17
420.97|22.21
419.31|22.24
417.60|22.27
416.01|22.31
414.67|22.34
413.13|22.37
411.59|22.39
410.55|22.41
408.80|22.45
407.43|22.47
406.12|22.50
404.88|22.52
402.92|22.55
401.28|22.56
399.63|22.59
397.88|22.63
396.23|22.66
394.57|22.69
392.93|22.71
391.38|22.73
389.73|22.75
388.08|22.77
386.44|22.80
384.57|22.82
382.62|22.85
380.35|22.88
379.22|22.89
377.26|22.91
375.81|22.93
374.38|22.95
372.93|22.98
371.28|22.99
369.53|23.01
368.09|23.04
366.54|23.05
364.89|23.06
363.24|23.09
362.00|23.10
