0.03|0.01
0.15|0.01
0.94|0.07
1.78|0.11
2.72|0.15
3.66|0.18
4.70|0.23
5.54|0.29
6.76|0.31
7.70|0.34
9.20|0.40
9.96|0.42
11.27|0.46
12.58|0.51
13.34|0.53
14.84|0.56
16.15|0.59
17.09|0.62
18.59|0.66
20.01|0.68
21.41|0.73
22.35|0.74
23.54|0.78
24.89|0.81
26.30|0.84
27.42|0.85
28.93|0.89
30.43|0.91
31.93|0.94
33.31|0.96
34.65|0.99
36.06|1.02
37.38|1.03
38.69|1.06
40.19|1.08
41.70|1.10
43.20|1.12
44.80|1.14
46.20|1.17
47.71|1.19
49.02|1.20
50.53|1.22
52.03|1.23
53.81|1.25
55.22|1.28
57.09|1.29
58.79|1.31
59.91|1.33
61.60|1.35
63.30|1.36
64.61|1.37
65.83|1.40
67.61|1.42
69.49|1.42
70.91|1.44
72.50|1.47
74.28|1.48
76.07|1.50
77.39|1.51
78.60|1.54
80.39|1.55
81.89|1.56
83.20|1.58
84.80|1.60
86.21|1.61
87.53|1.62
88.94|1.65
90.53|1.66
92.22|1.67
94.10|1.70
95.42|1.70
96.73|1.73
98.42|1.75
100.36|1.75
102.17|1.77
103.68|1.78
104.81|1.81
106.69|1.83
108.19|1.83
109.50|1.85
111.00|1.88
112.69|1.89
114.19|1.89
115.33|1.92
117.20|1.94
118.33|1.94
119.74|1.96
121.34|2.00
122.65|2.00
124.72|2.01
126.22|2.03
127.53|2.04
129.03|2.07
130.72|2.08
132.23|2.09
133.55|2.12
135.24|2.13
137.11|2.14
138.71|2.15
140.12|2.16
141.62|2.19
143.12|2.19
145.06|2.21
146.69|2.22
148.28|2.25
149.69|2.28
151.39|2.29
153.17|2.31
154.58|2.33
155.90|2.34
157.21|2.37
158.90|2.37
160.59|2.39
161.81|2.41
163.78|2.44
165.10|2.45
166.22|2.46
167.92|2.48
169.79|2.49
171.49|2.51
173.18|2.54
175.06|2.55
176.93|2.57
178.25|2.58
179.94|2.62
181.88|2.63
184.13|2.66
186.38|2.68
188.77|2.71
190.64|2.73
192.34|2.75
194.28|2.77
196.28|2.79
197.78|2.80
199.56|2.84
200.78|2.85
202.10|2.87
203.41|2.90
204.55|2.91
206.30|2.92
208.49|2.94
210.18|2.97
211.50|2.99
213.38|3.01
214.69|3.02
215.91|3.04
217.50|3.05
218.63|3.08
220.13|3.09
221.63|3.12
223.51|3.13
225.02|3.17
226.90|3.19
228.21|3.21
229.53|3.24
231.03|3.25
232.91|3.27
234.41|3.29
235.82|3.31
237.22|3.34
238.16|3.36
239.66|3.38
241.18|3.40
243.05|3.41
244.37|3.44
245.21|3.48
245.77|3.49
246.43|3.54
246.53|3.58
247.00|3.60
247.47|3.65
247.56|3.68
247.93|3.71
247.93|3.76
247.93|3.79
248.03|3.82
248.31|3.88
248.31|3.91
248.41|3.96
248.68|4.02
248.68|4.07
248.97|4.12
249.06|4.19
249.06|4.23
249.62|4.29
249.81|4.32
249.81|4.37
249.81|4.40
250.00|4.46
250.38|4.50
250.56|4.54
251.12|4.59
251.31|4.59
252.53|4.62
254.04|4.65
255.82|4.67
257.32|4.69
258.83|4.71
260.33|4.75
261.83|4.78
263.33|4.80
264.84|4.82
266.34|4.86
267.84|4.88
269.35|4.91
270.85|4.94
272.35|4.96
273.85|5.00
275.42|5.03
277.33|5.05
279.11|5.09
280.24|5.11
281.75|5.14
283.25|5.17
284.37|5.19
285.88|5.22
287.38|5.24
288.88|5.27
290.26|5.29
291.50|5.33
292.82|5.36
293.67|5.39
295.08|5.42
296.11|5.44
297.42|5.46
298.83|5.50
299.68|5.53
301.09|5.56
302.21|5.57
303.34|5.61
304.66|5.64
305.97|5.66
307.10|5.71
308.13|5.73
309.55|5.77
310.86|5.80
312.55|5.83
313.68|5.87
315.18|5.91
316.31|5.94
317.81|5.97
319.12|6.00
320.62|6.04
321.94|6.08
323.25|6.11
324.85|6.15
326.07|6.20
327.38|6.24
328.88|6.27
329.82|6.30
331.14|6.33
332.37|6.38
333.58|6.41
334.80|6.44
336.12|6.49
337.34|6.52
338.56|6.55
339.88|6.60
340.90|6.63
342.32|6.66
343.63|6.71
345.04|6.75
346.26|6.79
347.58|6.82
348.42|6.86
349.74|6.91
351.05|6.93
352.56|6.97
353.59|7.02
354.43|7.05
355.75|7.09
356.88|7.12
358.00|7.19
359.31|7.22
360.63|7.29
361.29|7.31
362.32|7.35
363.26|7.40
364.38|7.43
365.32|7.48
366.27|7.54
367.67|7.61
368.70|7.65
369.64|7.71
370.39|7.74
371.52|7.79
372.65|7.84
373.31|7.90
374.53|7.96
375.28|8.01
376.03|8.06
376.97|8.12
377.72|8.17
378.48|8.23
379.23|8.28
380.04|8.34
380.80|8.39
381.48|8.45
382.13|8.51
382.88|8.56
383.36|8.62
384.11|8.67
384.55|8.73
385.30|8.78
385.89|8.84
386.37|8.89
386.84|8.95
387.30|9.01
387.87|9.05
388.31|9.11
388.62|9.17
389.18|9.22
389.56|9.28
390.12|9.33
390.47|9.39
390.87|9.45
391.43|9.50
391.81|9.56
392.38|9.61
392.56|9.67
392.94|9.72
393.50|9.78
393.88|9.83
394.06|9.89
394.63|9.94
394.97|10.00
395.38|10.05
395.85|10.11
396.13|10.16
396.50|10.22
396.88|10.27
397.13|10.33
397.44|10.38
397.63|10.44
398.01|10.49
398.38|10.54
398.57|10.60
398.82|10.66
399.13|10.72
399.51|10.77
399.70|10.82
399.88|10.88
400.07|10.94
400.45|10.99
400.45|11.05
400.83|11.10
400.83|11.16
401.01|11.21
401.20|11.26
401.39|11.32
401.58|11.38
401.58|11.43
401.95|11.49
402.14|11.54
402.33|11.60
402.33|11.65
402.33|11.71
402.70|11.76
403.08|11.82
403.08|11.87
403.08|11.93
403.17|11.98
403.46|12.04
403.83|12.09
403.83|12.15
403.83|12.20
404.02|12.26
404.39|12.31
404.58|12.37
404.58|12.43
404.58|12.48
404.87|12.54
404.96|12.59
405.14|12.65
405.33|12.70
405.33|12.76
405.33|12.81
405.33|12.87
405.71|12.92
406.09|12.98
406.09|13.03
406.09|13.09
406.09|13.14
406.09|13.20
406.18|13.25
406.46|13.31
406.65|13.36
406.84|13.42
406.84|13.47
406.93|13.53
407.12|13.58
407.21|13.64
407.59|13.69
407.59|13.75
407.59|13.80
407.59|13.86
407.59|13.91
407.59|13.97
407.59|14.03
408.15|14.07
408.34|14.14
408.34|14.19
408.34|14.25
408.34|14.30
408.34|14.35
408.62|14.41
409.09|14.47
409.09|14.52
409.09|14.58
409.09|14.63
409.28|14.69
409.47|14.74
409.47|14.80
409.47|14.85
409.47|14.91
409.47|14.96
409.47|15.02
409.75|15.07
409.84|15.13
409.84|15.18
409.84|15.24
409.84|15.29
410.59|15.35
410.59|15.40
410.59|15.46
410.59|15.51
410.59|15.57
410.59|15.62
410.59|15.68
410.59|15.74
410.78|15.79
411.34|15.85
411.34|15.90
411.34|15.96
411.34|16.01
411.34|16.07
411.34|16.12
411.34|16.18
411.34|16.23
411.34|16.29
411.34|16.34
411.34|16.40
411.34|16.45
411.34|16.51
411.34|16.56
411.34|16.62
411.34|16.67
411.34|16.73
410.97|16.78
410.59|16.84
410.59|16.89
410.59|16.95
410.59|17.00
410.59|17.06
410.59|17.11
410.59|17.17
410.59|17.22
410.59|17.28
410.59|17.33
410.59|17.39
410.59|17.45
410.59|17.50
410.40|17.56
410.22|17.61
410.22|17.67
410.22|17.72
410.03|17.78
409.84|17.83
409.84|17.88
409.84|17.94
409.84|18.00
409.84|18.05
409.84|18.11
409.84|18.16
409.84|18.22
409.84|18.27
409.84|18.33
409.84|18.38
409.84|18.44
409.84|18.49
409.84|18.55
409.84|18.60
409.84|18.66
409.84|18.71
409.84|18.77
409.84|18.82
409.84|18.88
409.84|18.93
409.84|18.99
409.84|19.04
409.84|19.10
409.84|19.16
409.84|19.21
409.84|19.27
409.65|19.32
409.47|19.37
409.47|19.43
409.47|19.49
409.47|19.54
409.47|19.60
409.38|19.65
409.09|19.70
409.09|19.72
409.09|19.77
409.09|19.83
409.09|19.88
409.09|19.95
409.09|20.00
409.09|20.05
409.09|20.11
409.09|20.16
409.09|20.21
409.00|20.27
408.80|20.32
408.71|20.38
408.71|20.44
408.71|20.50
408.34|20.55
408.34|20.61
408.34|20.66
408.34|20.71
408.34|20.77
408.34|20.82
408.34|20.86
408.34|20.89
408.34|20.94
408.34|20.96
408.34|21.02
408.34|21.07
408.34|21.12
408.34|21.19
408.34|21.23
408.25|21.27
407.96|21.31
407.65|21.34
407.59|21.41
407.59|21.47
407.59|21.52
407.59|21.58
407.59|21.64
407.59|21.70
407.40|21.75
407.21|21.80
407.02|21.86
406.84|21.91
406.84|21.97
406.84|22.02
406.84|22.08
406.84|22.13
406.75|22.19
406.46|22.24
406.46|22.30
406.27|22.35
406.09|22.41
406.09|22.46
406.09|22.52
405.62|22.58
405.33|22.63
405.33|22.69
405.14|22.74
404.77|22.80
404.58|22.85
404.20|22.91
403.83|22.96
403.83|23.02
403.46|23.07
403.08|23.12
402.42|23.18
402.33|23.23
401.76|23.29
401.20|23.35
400.64|23.41
400.16|23.46
399.32|23.52
398.76|23.55
397.91|23.61
396.88|23.65
395.85|23.71
394.81|23.76
393.44|23.80
392.38|23.84
390.87|23.89
390.31|23.92
389.18|23.97
387.43|24.02
386.55|24.06
385.05|24.09
383.55|24.13
382.04|24.16
380.48|24.20
379.04|24.25
377.82|24.27
376.40|24.30
375.00|24.32
374.06|24.36
372.46|24.39
371.21|24.41
370.02|24.44
368.89|24.47
367.11|24.50
365.61|24.52
364.11|24.55
362.51|24.59
361.00|24.62
359.50|24.65
358.00|24.67
356.59|24.70
355.09|24.72
353.59|24.74
352.09|24.77
350.39|24.80
348.61|24.82
346.55|24.86
345.51|24.87
343.73|24.91
342.41|24.91
341.10|24.94
339.78|24.97
338.28|24.98
336.68|25.00
335.37|25.03
333.96|25.05
332.46|25.06
330.95|25.09
329.83|25.10
