0.018|0.00012
0.077|0.00012
0.132|0.00028
0.191|0.00046
0.258|0.00063
0.280|0.00063
0.354|0.00067
0.412|0.00088
0.442|0.00092
0.508|0.00101
0.552|0.00113
0.575|0.00113
0.641|0.00119
0.707|0.00133
0.736|0.00139
0.803|0.00139
0.861|0.00151
0.899|0.00164
0.928|0.00164
1.002|0.00168
1.046|0.00183
1.098|0.00193
1.156|0.00202
1.223|0.00214
1.281|0.00214
1.348|0.00220
1.385|0.00240
1.444|0.00240
1.502|0.00244
1.551|0.00265
1.606|0.00271
1.672|0.00284
1.709|0.00290
1.768|0.00290
1.827|0.00294
1.875|0.00315
1.930|0.00321
1.989|0.00334
2.033|0.00341
2.078|0.00343
2.143|0.00356
2.188|0.00370
2.247|0.00379
2.298|0.00391
2.365|0.00395
2.431|0.00410
2.461|0.00416
2.527|0.00422
2.578|0.00442
2.630|0.00442
2.674|0.00448
2.726|0.00467
2.755|0.00471
2.822|0.00486
2.865|0.00496
2.925|0.00505
2.961|0.00519
3.035|0.00526
3.094|0.00545
3.131|0.00551
3.197|0.00568
3.256|0.00587
3.300|0.00593
3.341|0.00597
3.396|0.00627
3.447|0.00638
3.492|0.00646
3.550|0.00658
3.580|0.00675
3.654|0.00688
3.698|0.00694
3.757|0.00700
3.808|0.00720
3.875|0.00739
3.912|0.00747
3.956|0.00762
4.018|0.00783
4.059|0.00797
4.140|0.00812
4.191|0.00829
4.236|0.00850
4.317|0.00867
4.368|0.00880
4.450|0.00900
4.516|0.00917
4.582|0.00936
4.652|0.00953
4.715|0.00972
4.774|0.00976
4.817|0.01003
4.891|0.01017
4.935|0.01027
4.995|0.01056
5.050|0.01073
5.120|0.01086
5.157|0.01103
5.212|0.01130
5.267|0.01143
5.304|0.01153
5.356|0.01180
5.407|0.01193
5.454|0.01204
5.510|0.01231
5.569|0.01250
5.606|0.01250
5.643|0.01275
5.702|0.01297
5.746|0.01309
5.805|0.01332
5.879|0.01351
5.923|0.01366
5.986|0.01391
6.040|0.01420
6.114|0.01427
6.159|0.01456
6.218|0.01484
6.269|0.01502
6.320|0.01515
6.357|0.01534
6.409|0.01553
6.467|0.01571
6.527|0.01590
6.585|0.01616
6.645|0.01641
6.707|0.01666
6.770|0.01691
6.836|0.01720
6.909|0.01749
6.969|0.01767
7.013|0.01795
7.072|0.01826
7.130|0.01856
7.175|0.01869
7.233|0.01900
7.280|0.01921
7.333|0.01953
7.389|0.01982
7.415|0.02003
7.477|0.02033
7.510|0.02054
7.566|0.02083
7.605|0.02098
7.661|0.02128
7.713|0.02153
7.746|0.02180
7.809|0.02209
7.871|0.02224
7.926|0.02266
7.963|0.02287
8.029|0.02329
8.073|0.02350
8.133|0.02387
8.184|0.02414
8.243|0.02456
8.309|0.02483
8.339|0.02515
8.398|0.02550
8.434|0.02565
8.501|0.02607
8.545|0.02628
8.593|0.02664
8.649|0.02691
8.711|0.02740
8.767|0.02780
8.829|0.02816
8.881|0.02856
8.921|0.02893
8.968|0.02935
9.024|0.02963
9.065|0.02994
9.116|0.03036
9.171|0.03064
9.212|0.03095
9.264|0.03138
9.329|0.03171
9.385|0.03209
9.441|0.03257
9.488|0.03291
9.536|0.03323
9.587|0.03364
9.628|0.03392
9.680|0.03422
9.735|0.03461
9.776|0.03499
9.827|0.03542
9.886|0.03563
9.941|0.03611
9.978|0.03644
10.034|0.03676
10.093|0.03721
10.144|0.03771
10.192|0.03819
10.244|0.03847
10.277|0.03878
10.324|0.03921
10.361|0.03948
10.395|0.03979
10.446|0.04022
10.490|0.04047
10.534|0.04099
10.590|0.04156
10.627|0.04200
10.659|0.04232
10.707|0.04274
10.744|0.04301
10.777|0.04333
10.829|0.04375
10.866|0.04400
10.899|0.04453
10.925|0.04484
10.976|0.04526
11.021|0.04552
11.061|0.04611
11.101|0.04655
11.138|0.04684
11.197|0.04730
11.234|0.04781
11.286|0.04831
11.329|0.04882
11.374|0.04933
11.433|0.04983
11.474|0.05034
11.521|0.05090
11.580|0.05135
11.617|0.05185
11.668|0.05235
11.713|0.05286
11.761|0.05341
11.816|0.05387
11.853|0.05437
11.905|0.05489
11.948|0.05539
12.003|0.05593
12.044|0.05640
12.081|0.05690
12.120|0.05740
12.169|0.05792
12.203|0.05846
12.250|0.05893
12.287|0.05942
12.320|0.05997
12.369|0.06044
12.405|0.06094
12.434|0.06144
12.486|0.06195
12.523|0.06245
12.556|0.06300
12.597|0.06351
12.633|0.06398
12.671|0.06448
12.704|0.06502
12.744|0.06553
12.781|0.06599
12.811|0.06649
12.847|0.06700
12.884|0.06755
12.921|0.06805
12.957|0.06851
12.988|0.06903
13.009|0.06953
13.039|0.07004
13.083|0.07054
13.113|0.07109
13.157|0.07159
13.186|0.07210
13.216|0.07260
13.245|0.07311
13.274|0.07361
13.296|0.07412
13.326|0.07458
13.341|0.07508
13.373|0.07558
13.410|0.07609
13.432|0.07664
13.473|0.07711
13.491|0.07761
13.520|0.07812
13.547|0.07862
13.576|0.07917
13.606|0.07967
13.631|0.08018
13.662|0.08068
13.680|0.08119
13.709|0.08165
13.726|0.08216
13.753|0.08266
13.782|0.08317
13.808|0.08371
13.838|0.08422
13.864|0.08472
13.886|0.08523
13.915|0.08569
13.930|0.08624
13.956|0.08674
13.974|0.08725
14.003|0.08771
14.021|0.08826
14.048|0.08876
14.062|0.08927
14.093|0.08973
14.109|0.09028
14.122|0.09078
14.151|0.09124
14.168|0.09175
14.195|0.09230
14.210|0.09280
14.239|0.09327
14.257|0.09377
14.269|0.09432
14.299|0.09478
14.316|0.09529
14.339|0.09583
14.357|0.09634
14.386|0.09681
14.402|0.09735
14.416|0.09785
14.445|0.09831
14.463|0.09886
14.476|0.09937
14.505|0.09984
14.515|0.10038
14.534|0.10088
14.556|0.10139
14.571|0.10189
14.586|0.10236
14.600|0.10290
14.623|0.10336
14.636|0.10391
14.652|0.10442
14.671|0.10492
14.689|0.10543
14.700|0.10593
14.718|0.10644
14.730|0.10691
14.748|0.10745
14.770|0.10791
14.777|0.10846
14.800|0.10896
14.814|0.10947
14.836|0.10997
14.844|0.11048
14.866|0.11098
14.877|0.11149
14.895|0.11199
14.907|0.11245
14.925|0.11301
14.936|0.11346
14.954|0.11402
14.965|0.11452
14.976|0.11503
14.991|0.11553
15.005|0.11600
15.013|0.11654
15.028|0.11705
15.035|0.11755
15.050|0.11806
15.064|0.11851
15.072|0.11907
15.083|0.11957
15.094|0.12008
15.105|0.12058
15.116|0.12104
15.131|0.12159
15.134|0.12210
15.146|0.12255
15.160|0.12311
15.164|0.12361
15.183|0.12408
15.190|0.12462
15.190|0.12513
15.205|0.12563
15.219|0.12614
15.226|0.12664
15.242|0.12710
15.249|0.12765
15.253|0.12816
15.263|0.12862
15.278|0.12917
15.278|0.12967
15.293|0.13018
15.293|0.13068
15.308|0.13119
15.315|0.13169
15.322|0.13220
15.337|0.13266
15.337|0.13321
15.340|0.13371
15.352|0.13417
15.367|0.13472
15.367|0.13523
15.381|0.13569
15.381|0.13624
15.396|0.13674
15.404|0.13725
15.411|0.13775
15.426|0.13822
15.426|0.13876
15.431|0.13927
15.440|0.13977
15.447|0.14028
15.455|0.14078
15.466|0.14129
15.470|0.14175
15.484|0.14230
15.484|0.14280
15.499|0.14331
15.499|0.14377
15.514|0.14432
15.517|0.14482
15.529|0.14533
15.529|0.14580
15.543|0.14634
15.546|0.14684
15.558|0.14735
15.558|0.14785
15.566|0.14836
15.573|0.14886
15.581|0.14937
15.588|0.14987
15.588|0.15038
15.602|0.15088
15.602|0.15139
15.602|0.15189
15.614|0.15240
15.617|0.15290
15.625|0.15341
15.632|0.15391
15.632|0.15442
15.639|0.15492
15.647|0.15543
15.661|0.15590
15.661|0.15644
15.661|0.15695
15.661|0.15745
15.665|0.15796
15.676|0.15846
15.684|0.15897
15.691|0.15947
15.691|0.15998
15.691|0.16048
15.705|0.16099
15.705|0.16145
15.720|0.16200
15.720|0.16250
15.720|0.16301
15.720|0.16351
15.720|0.16402
15.735|0.16452
15.735|0.16498
15.750|0.16553
15.750|0.16604
15.750|0.16654
15.750|0.16705
15.753|0.16755
15.764|0.16806
15.771|0.16856
15.779|0.16907
15.779|0.16957
15.779|0.17008
15.779|0.17058
15.782|0.17109
15.794|0.17159
15.794|0.17210
15.802|0.17260
15.809|0.17311
15.809|0.17361
15.809|0.17412
15.809|0.17462
15.809|0.17513
15.820|0.17563
15.831|0.17614
15.838|0.17664
15.838|0.17715
15.838|0.17765
15.838|0.17816
15.838|0.17866
15.838|0.17917
15.845|0.17967
15.853|0.18018
15.861|0.18068
15.868|0.18119
15.868|0.18169
15.868|0.18220
15.868|0.18270
15.868|0.18321
15.878|0.18371
15.882|0.18422
15.897|0.18468
15.897|0.18523
15.897|0.18573
15.897|0.18624
15.897|0.18674
15.897|0.18725
15.905|0.18775
15.912|0.18821
15.919|0.18876
15.926|0.18927
15.926|0.18977
15.926|0.19028
15.926|0.19078
15.941|0.19129
15.941|0.19179
15.956|0.19230
15.956|0.19280
15.956|0.19331
15.956|0.19381
15.956|0.19432
15.971|0.19482
15.971|0.19533
15.978|0.19583
15.985|0.19634
15.985|0.19684
15.985|0.19735
15.985|0.19786
15.985|0.19836
15.989|0.19883
16.000|0.19937
16.000|0.19988
16.000|0.20038
16.000|0.20089
16.000|0.20139
16.000|0.20190
16.015|0.20240
16.015|0.20291
16.015|0.20341
16.029|0.20392
16.044|0.20442
16.044|0.20493
16.044|0.20543
16.044|0.20594
16.044|0.20644
16.044|0.20695
16.044|0.20745
16.044|0.20796
16.044|0.20846
16.044|0.20897
16.044|0.20947
16.044|0.20998
16.044|0.21048
16.037|0.21099
16.015|0.21149
16.000|0.21200
16.000|0.21250
16.000|0.21301
16.000|0.21345
16.000|0.21402
15.985|0.21452
15.971|0.21503
15.948|0.21553
15.930|0.21604
15.893|0.21654
15.868|0.21694
15.813|0.21730
15.776|0.21762
15.735|0.21805
15.676|0.21856
15.602|0.21881
15.558|0.21925
15.514|0.21946
15.470|0.21976
15.400|0.22002
15.341|0.22020
15.282|0.22046
15.215|0.22071
15.157|0.22097
15.087|0.22115
15.032|0.22142
14.962|0.22165
14.884|0.22187
14.814|0.22216
14.736|0.22237
14.667|0.22267
14.571|0.22288
14.497|0.22319
14.409|0.22331
14.343|0.22349
14.291|0.22370
14.239|0.22387
14.188|0.22399
14.122|0.22412
14.056|0.22431
14.000|0.22446
13.930|0.22462
13.842|0.22481
13.779|0.22503
13.716|0.22521
13.643|0.22545
13.569|0.22557
13.495|0.22569
13.421|0.22582
13.341|0.22597
13.296|0.22614
13.245|0.22626
13.189|0.22639
13.127|0.22646
13.061|0.22658
13.006|0.22670
12.935|0.22690
12.877|0.22692
12.810|0.22715
12.744|0.22721
12.671|0.22734
12.616|0.22740
12.545|0.22748
12.479|0.22765
12.442|0.22785
12.376|0.22791
12.317|0.22793
12.250|0.22809
12.184|0.22816
12.118|0.22828
12.052|0.22835
11.986|0.22841
11.919|0.22843
11.852|0.22854
11.786|0.22866
11.735|0.22868
11.683|0.22879
11.617|0.22892
11.566|0.22892
11.521|0.22900
11.455|0.22904
11.396|0.22923
11.337|0.22929
11.278|0.22929
