0.049|0.00033
0.114|0.00033
0.185|0.00048
0.255|0.00068
0.299|0.00086
0.334|0.00086
0.414|0.00086
0.475|0.00112
0.528|0.00112
0.581|0.00112
0.625|0.00125
0.687|0.00138
0.722|0.00138
0.784|0.00145
0.828|0.00158
0.881|0.00165
0.924|0.00165
0.994|0.00178
1.030|0.00191
1.091|0.00191
1.127|0.00195
1.198|0.00204
1.259|0.00217
1.321|0.00224
1.391|0.00230
1.470|0.00243
1.514|0.00243
1.585|0.00245
1.629|0.00259
1.681|0.00270
1.752|0.00283
1.832|0.00296
1.866|0.00296
1.946|0.00296
2.025|0.00302
2.061|0.00322
2.139|0.00325
2.219|0.00332
2.289|0.00349
2.360|0.00353
2.439|0.00368
2.466|0.00375
2.545|0.00379
2.624|0.00401
2.695|0.00401
2.773|0.00414
2.817|0.00428
2.888|0.00428
2.958|0.00432
3.011|0.00454
3.082|0.00460
3.143|0.00473
3.205|0.00480
3.258|0.00482
3.311|0.00496
3.363|0.00511
3.425|0.00520
3.495|0.00533
3.530|0.00539
3.610|0.00553
3.654|0.00559
3.698|0.00564
3.768|0.00579
3.821|0.00599
3.901|0.00605
3.945|0.00612
4.015|0.00616
4.067|0.00645
4.148|0.00658
4.191|0.00664
4.261|0.00669
4.314|0.00698
4.393|0.00711
4.455|0.00717
4.526|0.00721
4.588|0.00752
4.667|0.00763
4.745|0.00770
4.825|0.00796
4.896|0.00800
4.949|0.00829
5.037|0.00842
5.089|0.00851
5.150|0.00866
5.230|0.00888
5.291|0.00901
5.389|0.00914
5.459|0.00930
5.521|0.00943
5.591|0.00967
5.662|0.00980
5.723|0.00984
5.780|0.01015
5.864|0.01026
5.926|0.01037
5.970|0.01063
6.075|0.01081
6.146|0.01094
6.207|0.01112
6.287|0.01131
6.340|0.01142
6.401|0.01171
6.472|0.01184
6.516|0.01195
6.582|0.01223
6.648|0.01237
6.691|0.01247
6.758|0.01276
6.832|0.01290
6.903|0.01300
6.969|0.01329
7.044|0.01350
7.114|0.01364
7.184|0.01388
7.273|0.01405
7.343|0.01436
7.431|0.01454
7.502|0.01476
7.577|0.01495
7.643|0.01526
7.704|0.01532
7.766|0.01559
7.831|0.01580
7.889|0.01600
7.960|0.01625
8.048|0.01638
8.121|0.01664
8.207|0.01695
8.280|0.01724
8.365|0.01747
8.435|0.01778
8.524|0.01809
8.576|0.01822
8.646|0.01854
8.717|0.01874
8.790|0.01901
8.841|0.01931
8.911|0.01974
8.963|0.01980
9.037|0.02013
9.095|0.02037
9.162|0.02078
9.201|0.02085
9.267|0.02120
9.338|0.02151
9.403|0.02164
9.479|0.02199
9.544|0.02243
9.615|0.02258
9.685|0.02295
9.752|0.02324
9.826|0.02374
9.901|0.02389
9.967|0.02434
10.029|0.02456
10.099|0.02499
10.178|0.02527
10.241|0.02560
10.311|0.02604
10.381|0.02633
10.434|0.02664
10.495|0.02698
10.561|0.02736
10.623|0.02765
10.671|0.02797
10.738|0.02841
10.803|0.02869
10.857|0.02896
10.914|0.02946
10.979|0.02975
11.046|0.03006
11.112|0.03047
11.183|0.03085
11.253|0.03126
11.328|0.03164
11.393|0.03205
11.464|0.03242
11.535|0.03284
11.605|0.03321
11.671|0.03363
11.729|0.03402
11.794|0.03446
11.856|0.03474
11.905|0.03508
11.971|0.03552
12.032|0.03580
12.072|0.03613
12.137|0.03657
12.204|0.03678
12.270|0.03729
12.314|0.03764
12.380|0.03797
12.450|0.03843
12.520|0.03896
12.591|0.03948
12.652|0.04001
12.714|0.04051
12.784|0.04077
12.834|0.04139
12.908|0.04186
12.979|0.04237
13.049|0.04290
13.089|0.04342
13.128|0.04376
13.185|0.04419
13.230|0.04448
13.278|0.04481
13.348|0.04527
13.401|0.04580
13.471|0.04633
13.529|0.04689
13.595|0.04738
13.648|0.04790
13.718|0.04843
13.776|0.04900
13.841|0.04948
13.895|0.05001
13.956|0.05053
14.018|0.05106
14.070|0.05158
14.141|0.05211
14.194|0.05268
14.264|0.05317
14.309|0.05369
14.370|0.05421
14.425|0.05474
14.485|0.05527
14.546|0.05579
14.593|0.05632
14.652|0.05684
14.695|0.05737
14.758|0.05790
14.797|0.05847
14.863|0.05895
14.902|0.05952
14.951|0.06005
15.004|0.06053
15.043|0.06110
15.101|0.06158
15.145|0.06211
15.184|0.06268
15.242|0.06316
15.286|0.06368
15.325|0.06426
15.374|0.06474
15.418|0.06527
15.462|0.06579
15.501|0.06636
15.559|0.06684
15.594|0.06737
15.637|0.06789
15.681|0.06846
15.730|0.06899
15.761|0.06952
15.796|0.07000
15.831|0.07053
15.867|0.07105
15.910|0.07158
15.946|0.07211
15.981|0.07263
16.017|0.07315
16.051|0.07368
16.087|0.07421
16.122|0.07473
16.157|0.07526
16.195|0.07579
16.230|0.07631
16.266|0.07684
16.301|0.07737
16.336|0.07789
16.371|0.07842
16.404|0.07895
16.439|0.07947
16.474|0.07999
16.510|0.08057
16.541|0.08109
16.575|0.08162
16.611|0.08214
16.645|0.08267
16.668|0.08320
16.703|0.08368
16.721|0.08421
16.752|0.08478
16.787|0.08530
16.822|0.08583
16.844|0.08635
16.879|0.08683
16.897|0.08736
16.927|0.08793
16.950|0.08846
16.985|0.08894
17.005|0.08947
17.037|0.09004
17.056|0.09056
17.090|0.09105
17.111|0.09161
17.126|0.09214
17.161|0.09262
17.178|0.09319
17.196|0.09372
17.231|0.09420
17.252|0.09473
17.279|0.09530
17.302|0.09582
17.337|0.09631
17.358|0.09688
17.373|0.09740
17.407|0.09788
17.428|0.09841
17.456|0.09898
17.478|0.09951
17.513|0.09999
17.526|0.10056
17.548|0.10109
17.570|0.10161
17.592|0.10214
17.610|0.10266
17.628|0.10319
17.645|0.10367
17.663|0.10424
17.689|0.10472
17.706|0.10529
17.724|0.10582
17.747|0.10635
17.769|0.10687
17.782|0.10740
17.804|0.10793
17.817|0.10845
17.839|0.10898
17.852|0.10950
17.874|0.11003
17.887|0.11056
17.909|0.11108
17.922|0.11161
17.945|0.11213
17.957|0.11261
17.980|0.11319
17.993|0.11367
18.015|0.11424
18.029|0.11472
18.050|0.11529
18.064|0.11582
18.077|0.11634
18.095|0.11687
18.112|0.11735
18.121|0.11792
18.134|0.11845
18.147|0.11897
18.160|0.11950
18.174|0.12003
18.191|0.12055
18.200|0.12108
18.209|0.12156
18.226|0.12213
18.235|0.12266
18.253|0.12314
18.262|0.12371
18.266|0.12424
18.279|0.12476
18.297|0.12529
18.306|0.12581
18.323|0.12629
18.332|0.12687
18.332|0.12739
18.346|0.12787
18.367|0.12844
18.367|0.12897
18.381|0.12950
18.394|0.13002
18.403|0.13055
18.416|0.13108
18.420|0.13156
18.438|0.13213
18.438|0.13265
18.451|0.13314
18.455|0.13366
18.473|0.13423
18.473|0.13476
18.482|0.13528
18.491|0.13581
18.508|0.13634
18.508|0.13686
18.517|0.13739
18.526|0.13787
18.535|0.13844
18.543|0.13897
18.547|0.13949
18.561|0.14002
18.570|0.14050
18.579|0.14107
18.579|0.14160
18.591|0.14212
18.596|0.14265
18.614|0.14318
18.614|0.14370
18.623|0.14423
18.631|0.14475
18.640|0.14528
18.649|0.14581
18.658|0.14633
18.667|0.14686
18.675|0.14734
18.684|0.14791
18.687|0.14844
18.698|0.14896
18.702|0.14949
18.702|0.15002
18.719|0.15054
18.719|0.15107
18.737|0.15159
18.737|0.15212
18.737|0.15260
18.755|0.15317
18.755|0.15370
18.755|0.15423
18.767|0.15475
18.772|0.15528
18.772|0.15580
18.781|0.15633
18.790|0.15686
18.790|0.15738
18.790|0.15791
18.799|0.15843
18.808|0.15896
18.816|0.15949
18.825|0.16001
18.825|0.16054
18.825|0.16107
18.825|0.16159
18.825|0.16212
18.843|0.16264
18.843|0.16317
18.860|0.16370
18.860|0.16422
18.860|0.16475
18.860|0.16527
18.860|0.16580
18.878|0.16633
18.878|0.16685
18.878|0.16738
18.896|0.16790
18.896|0.16843
18.896|0.16896
18.896|0.16948
18.896|0.17001
18.896|0.17054
18.904|0.17106
18.913|0.17159
18.922|0.17207
18.931|0.17264
18.931|0.17317
18.931|0.17369
18.931|0.17422
18.931|0.17474
18.931|0.17527
18.931|0.17580
18.948|0.17632
18.948|0.17685
18.948|0.17738
18.957|0.17790
18.966|0.17843
18.966|0.17895
18.966|0.17948
18.966|0.18001
18.966|0.18053
18.966|0.18106
18.966|0.18158
18.966|0.18211
18.984|0.18264
18.984|0.18312
18.992|0.18369
19.001|0.18422
19.001|0.18474
19.001|0.18527
19.001|0.18579
19.001|0.18632
19.001|0.18685
19.001|0.18737
19.001|0.18790
19.006|0.18842
19.019|0.18895
19.027|0.18948
19.036|0.18996
19.036|0.19053
19.036|0.19105
19.036|0.19158
19.036|0.19211
19.036|0.19263
19.036|0.19316
19.036|0.19369
19.036|0.19421
19.054|0.19474
19.054|0.19522
19.072|0.19579
19.072|0.19632
19.072|0.19684
19.072|0.19737
19.072|0.19789
19.072|0.19842
19.081|0.19895
19.089|0.19947
19.089|0.20000
19.093|0.20053
19.107|0.20105
19.107|0.20158
19.107|0.20210
19.107|0.20263
19.107|0.20316
19.107|0.20368
19.107|0.20421
19.124|0.20473
19.142|0.20526
19.142|0.20579
19.142|0.20631
19.142|0.20684
19.142|0.20737
19.142|0.20792
19.142|0.20836
19.142|0.20868
19.142|0.20920
19.142|0.20974
19.177|0.21026
19.177|0.21079
19.177|0.21131
19.213|0.21183
19.213|0.21237
19.213|0.21289
19.213|0.21342
19.213|0.21394
19.213|0.21447
19.213|0.21499
19.186|0.21552
19.177|0.21604
19.177|0.21658
19.177|0.21710
19.177|0.21763
19.177|0.21815
19.177|0.21868
19.142|0.21920
19.137|0.21973
19.125|0.22025
19.125|0.22078
19.125|0.22130
19.125|0.22184
19.125|0.22236
19.125|0.22288
19.125|0.22341
19.098|0.22394
19.081|0.22447
19.054|0.22499
19.023|0.22552
18.975|0.22593
18.937|0.22644
18.887|0.22664
18.821|0.22710
18.773|0.22762
18.702|0.22815
18.623|0.22834
18.570|0.22867
18.508|0.22902
18.447|0.22933
18.372|0.22946
18.310|0.22981
18.236|0.23006
18.143|0.23025
18.081|0.23052
18.002|0.23073
17.927|0.23097
17.831|0.23123
17.751|0.23146
17.658|0.23176
17.575|0.23198
17.478|0.23230
17.381|0.23253
17.275|0.23275
17.170|0.23297
17.108|0.23317
17.047|0.23334
16.967|0.23354
16.879|0.23367
16.791|0.23373
16.716|0.23396
16.651|0.23413
16.589|0.23429
16.518|0.23446
16.447|0.23466
16.382|0.23481
16.307|0.23506
16.219|0.23518
16.130|0.23525
16.051|0.23538
15.976|0.23561
15.910|0.23578
15.831|0.23586
15.752|0.23606
15.673|0.23617
15.585|0.23630
15.505|0.23650
15.427|0.23657
15.356|0.23672
15.268|0.23683
15.189|0.23696
15.114|0.23709
15.039|0.23711
14.951|0.23729
14.898|0.23736
14.828|0.23756
14.758|0.23762
14.691|0.23770
14.607|0.23788
14.528|0.23788
14.441|0.23801
14.361|0.23814
14.282|0.23814
14.212|0.23824
14.123|0.23841
14.070|0.23841
14.000|0.23850
13.921|0.23861
13.850|0.23867
13.780|0.23875
13.700|0.23880
13.622|0.23893
13.550|0.23907
13.480|0.23907
