0.009|0.00009
0.018|0.00028
0.028|0.00039
0.038|0.00047
0.052|0.00060
0.059|0.00065
0.071|0.00068
0.083|0.00084
0.093|0.00089
0.103|0.00098
0.110|0.00103
0.122|0.00103
0.129|0.00121
0.133|0.00121
0.145|0.00131
0.157|0.00140
0.163|0.00140
0.175|0.00149
0.181|0.00159
0.193|0.00159
0.205|0.00172
0.210|0.00177
0.222|0.00182
0.233|0.00196
0.246|0.00196
0.255|0.00210
0.267|0.00216
0.275|0.00226
0.283|0.00237
0.296|0.00252
0.305|0.00252
0.317|0.00257
0.328|0.00270
0.341|0.00275
0.350|0.00289
0.362|0.00292
0.371|0.00308
0.382|0.00321
0.391|0.00326
0.400|0.00330
0.411|0.00351
0.424|0.00359
0.434|0.00364
0.451|0.00373
0.460|0.00384
0.470|0.00395
0.481|0.00410
0.489|0.00421
0.502|0.00433
0.507|0.00445
0.525|0.00460
0.534|0.00466
0.542|0.00479
0.558|0.00492
0.563|0.00501
0.578|0.00513
0.583|0.00522
0.593|0.00532
0.599|0.00536
0.611|0.00554
0.617|0.00560
0.628|0.00574
0.637|0.00588
0.647|0.00588
0.655|0.00610
0.665|0.00621
0.675|0.00639
0.682|0.00644
0.691|0.00653
0.697|0.00667
0.707|0.00677
0.712|0.00685
0.720|0.00703
0.729|0.00713
0.741|0.00728
0.748|0.00737
0.762|0.00748
0.770|0.00762
0.780|0.00781
0.789|0.00790
0.803|0.00812
0.809|0.00817
0.821|0.00835
0.833|0.00849
0.841|0.00860
0.851|0.00881
0.863|0.00896
0.875|0.00916
0.880|0.00924
0.892|0.00937
0.904|0.00957
0.911|0.00961
0.922|0.00980
0.931|0.00995
0.943|0.01009
0.955|0.01031
0.964|0.01036
0.970|0.01054
0.981|0.01069
0.986|0.01077
0.993|0.01092
1.003|0.01108
1.008|0.01117
1.020|0.01143
1.027|0.01148
1.035|0.01157
1.046|0.01180
1.050|0.01185
1.058|0.01204
1.069|0.01220
1.074|0.01229
1.085|0.01255
1.095|0.01260
1.103|0.01271
1.111|0.01297
1.121|0.01316
1.127|0.01320
1.138|0.01341
1.148|0.01362
1.156|0.01372
1.165|0.01395
1.174|0.01406
1.186|0.01425
1.196|0.01446
1.204|0.01457
1.215|0.01479
1.227|0.01502
1.236|0.01511
1.245|0.01537
1.256|0.01555
1.266|0.01577
1.272|0.01593
1.285|0.01614
1.292|0.01630
1.302|0.01652
1.311|0.01663
1.322|0.01684
1.333|0.01703
1.339|0.01724
1.351|0.01745
1.359|0.01756
1.369|0.01777
1.379|0.01801
1.385|0.01817
1.397|0.01838
1.403|0.01853
1.413|0.01876
1.419|0.01892
1.430|0.01913
1.435|0.01924
1.449|0.01947
1.454|0.01971
1.464|0.01997
1.472|0.02008
1.482|0.02039
1.488|0.02059
1.498|0.02081
1.507|0.02097
1.515|0.02119
1.527|0.02151
1.538|0.02167
1.550|0.02203
1.559|0.02227
1.567|0.02250
1.579|0.02281
1.587|0.02302
1.594|0.02325
1.604|0.02356
1.615|0.02372
1.627|0.02407
1.634|0.02432
1.640|0.02456
1.651|0.02487
1.660|0.02502
1.669|0.02529
1.676|0.02550
1.686|0.02581
1.694|0.02601
1.704|0.02624
1.716|0.02656
1.728|0.02694
1.740|0.02731
1.748|0.02769
1.757|0.02805
1.764|0.02824
1.772|0.02848
1.781|0.02879
1.788|0.02899
1.794|0.02923
1.804|0.02953
1.812|0.02974
1.819|0.02998
1.829|0.03028
1.836|0.03048
1.843|0.03071
1.852|0.03103
1.860|0.03123
1.867|0.03146
1.875|0.03177
1.883|0.03198
1.889|0.03222
1.899|0.03252
1.907|0.03272
1.913|0.03295
1.923|0.03327
1.930|0.03347
1.938|0.03370
1.947|0.03402
1.959|0.03427
1.970|0.03464
1.978|0.03497
1.985|0.03520
1.994|0.03551
2.002|0.03571
2.010|0.03594
2.022|0.03627
2.026|0.03664
2.036|0.03700
2.046|0.03721
2.053|0.03762
2.061|0.03796
2.069|0.03818
2.080|0.03851
2.086|0.03893
2.096|0.03925
2.103|0.03947
2.110|0.03982
2.117|0.04006
2.125|0.04038
2.130|0.04073
2.137|0.04093
2.143|0.04116
2.152|0.04148
2.156|0.04167
2.164|0.04206
2.170|0.04228
2.182|0.04262
2.188|0.04302
2.200|0.04337
2.207|0.04377
2.217|0.04411
2.224|0.04452
2.234|0.04486
2.241|0.04523
2.248|0.04560
2.259|0.04598
2.266|0.04635
2.277|0.04673
2.285|0.04709
2.295|0.04747
2.301|0.04784
2.312|0.04822
2.319|0.04859
2.330|0.04896
2.338|0.04934
2.349|0.04971
2.356|0.05011
2.365|0.05045
2.373|0.05083
2.378|0.05123
2.388|0.05157
2.393|0.05195
2.401|0.05232
2.408|0.05273
2.417|0.05307
2.425|0.05344
2.431|0.05385
2.442|0.05419
2.447|0.05457
2.455|0.05493
2.462|0.05534
2.470|0.05571
2.477|0.05606
2.484|0.05643
2.492|0.05683
2.499|0.05721
2.506|0.05755
2.513|0.05793
2.518|0.05829
2.526|0.05867
2.533|0.05907
2.542|0.05945
2.546|0.05982
2.552|0.06016
2.558|0.06054
2.564|0.06091
2.570|0.06128
2.576|0.06166
2.583|0.06203
2.590|0.06240
2.595|0.06277
2.602|0.06315
2.607|0.06352
2.614|0.06390
2.619|0.06427
2.625|0.06464
2.631|0.06501
2.637|0.06539
2.643|0.06576
2.648|0.06613
2.655|0.06651
2.660|0.06691
2.667|0.06729
2.672|0.06766
2.679|0.06803
2.683|0.06841
2.689|0.06878
2.696|0.06915
2.702|0.06953
2.705|0.06990
2.711|0.07024
2.713|0.07062
2.720|0.07099
2.726|0.07136
2.731|0.07177
2.737|0.07214
2.740|0.07251
2.747|0.07286
2.750|0.07323
2.756|0.07363
2.761|0.07401
2.764|0.07438
2.771|0.07472
2.774|0.07508
2.780|0.07550
2.782|0.07587
2.788|0.07622
2.792|0.07659
2.797|0.07699
2.803|0.07737
2.805|0.07774
2.812|0.07808
2.815|0.07845
2.821|0.07883
2.827|0.07923
2.832|0.07961
2.836|0.07998
2.841|0.08032
2.845|0.08073
2.849|0.08110
2.853|0.08147
2.860|0.08181
2.862|0.08222
2.865|0.08259
2.872|0.08294
2.873|0.08334
2.877|0.08371
2.882|0.08405
2.885|0.08446
2.889|0.08483
2.893|0.08518
2.896|0.08558
2.901|0.08592
2.904|0.08633
2.906|0.08670
2.913|0.08704
2.915|0.08745
2.918|0.08782
2.925|0.08816
2.926|0.08857
2.930|0.08894
2.937|0.08928
2.939|0.08968
2.942|0.09006
2.947|0.09040
2.950|0.09080
2.953|0.09115
2.956|0.09155
2.959|0.09190
2.962|0.09230
2.966|0.09264
2.969|0.09304
2.971|0.09362
2.975|0.09393
2.978|0.09437
2.981|0.09468
2.984|0.09511
2.987|0.09542
2.990|0.09586
2.993|0.09617
2.995|0.09661
2.998|0.09692
3.002|0.09735
3.003|0.09771
3.007|0.09809
3.009|0.09846
3.012|0.09883
3.015|0.09921
3.017|0.09957
3.021|0.09995
3.021|0.10032
3.024|0.10070
3.027|0.10107
3.030|0.10140
3.031|0.10183
3.033|0.10219
3.036|0.10252
3.039|0.10295
3.041|0.10331
3.042|0.10368
3.045|0.10406
3.047|0.10438
3.050|0.10482
3.052|0.10517
3.053|0.10555
3.056|0.10592
3.059|0.10630
3.061|0.10667
3.062|0.10705
3.065|0.10737
3.068|0.10781
3.070|0.10817
3.071|0.10853
3.074|0.10891
3.077|0.10924
3.080|0.10967
3.082|0.11003
3.085|0.11042
3.087|0.11096
3.089|0.11129
3.091|0.11171
3.094|0.11208
3.096|0.11241
3.098|0.11303
3.100|0.11334
3.103|0.11378
3.104|0.11432
3.107|0.11470
3.109|0.11525
3.110|0.11563
3.113|0.11596
3.115|0.11638
3.116|0.11675
3.119|0.11713
3.120|0.11751
3.122|0.11806
3.124|0.11843
3.125|0.11880
3.128|0.11918
3.128|0.11955
3.130|0.11992
3.131|0.12030
3.133|0.12067
3.135|0.12104
3.136|0.12142
3.139|0.12179
3.139|0.12216
3.140|0.12254
3.142|0.12291
3.143|0.12328
3.145|0.12366
3.147|0.12403
3.148|0.12440
3.149|0.12474
3.151|0.12515
3.151|0.12552
3.154|0.12590
3.154|0.12627
3.157|0.12664
3.157|0.12702
3.159|0.12739
3.160|0.12776
3.163|0.12814
3.163|0.12851
3.164|0.12888
3.166|0.12926
3.166|0.12963
3.169|0.13000
3.169|0.13038
3.169|0.13075
3.172|0.13112
3.173|0.13150
3.175|0.13187
3.175|0.13224
3.175|0.13262
3.177|0.13299
3.178|0.13336
3.181|0.13373
3.181|0.13411
3.181|0.13448
3.183|0.13485
3.184|0.13523
3.187|0.13560
3.187|0.13597
3.187|0.13635
3.188|0.13672
3.190|0.13709
3.193|0.13747
3.193|0.13784
3.193|0.13821
3.194|0.13859
3.196|0.13896
3.197|0.13933
3.199|0.13971
3.199|0.14008
3.200|0.14045
3.202|0.14083
3.204|0.14117
3.205|0.14157
3.205|0.14195
3.205|0.14232
3.208|0.14269
3.208|0.14307
3.210|0.14344
3.211|0.14381
3.211|0.14419
3.213|0.14456
3.213|0.14493
3.213|0.14527
3.216|0.14568
3.216|0.14605
3.216|0.14643
3.216|0.14680
3.219|0.14717
3.219|0.14752
3.219|0.14792
3.219|0.14829
3.219|0.14867
3.219|0.14904
3.219|0.14941
3.219|0.14979
3.219|0.15016
3.219|0.15053
3.219|0.15091
3.222|0.15128
3.222|0.15165
3.222|0.15203
3.228|0.15240
3.228|0.15277
3.228|0.15315
3.228|0.15352
3.228|0.15389
3.228|0.15427
3.228|0.15464
3.228|0.15501
3.228|0.15539
3.228|0.15576
3.228|0.15613
3.228|0.15651
3.225|0.15707
3.220|0.15763
3.219|0.15819
3.218|0.15856
3.212|0.15893
3.210|0.15931
3.205|0.15968
3.200|0.16006
3.193|0.16042
3.184|0.16061
3.173|0.16094
3.169|0.16118
3.160|0.16154
3.148|0.16192
3.138|0.16221
3.125|0.16253
3.113|0.16267
3.103|0.16304
3.093|0.16313
3.081|0.16336
3.068|0.16360
3.056|0.16384
3.045|0.16402
3.033|0.16420
3.021|0.16435
3.010|0.16453
2.997|0.16472
2.985|0.16496
2.973|0.16514
2.962|0.16528
2.950|0.16542
2.938|0.16561
2.925|0.16574
2.913|0.16593
2.902|0.16608
2.889|0.16626
2.878|0.16636
2.867|0.16646
2.857|0.16665
2.845|0.16673
2.835|0.16682
2.823|0.16697
2.808|0.16715
2.794|0.16729
2.784|0.16735
2.772|0.16749
2.760|0.16766
2.750|0.16777
2.739|0.16789
2.724|0.16799
2.712|0.16808
2.698|0.16822
2.683|0.16829
2.671|0.16836
2.657|0.16846
2.643|0.16855
2.630|0.16864
2.622|0.16864
2.607|0.16878
2.595|0.16883
2.585|0.16889
2.569|0.16901
2.555|0.16901
2.541|0.16902
2.526|0.16920
2.514|0.16920
2.503|0.16920
2.493|0.16926
2.479|0.16939
2.468|0.16939
2.457|0.16939
2.444|0.16939
2.431|0.16939
2.417|0.16941
2.405|0.16948
2.393|0.16957
2.381|0.16957
2.369|0.16957
2.357|0.16962
2.345|0.16967
2.333|0.16967
2.321|0.16967
2.306|0.16976
2.295|0.16976
2.283|0.16980
2.269|0.16985
