0.045|0.00014
0.153|0.00014
0.247|0.00030
0.342|0.00051
0.400|0.00068
0.447|0.00068
0.553|0.00068
0.636|0.00096
0.707|0.00096
0.777|0.00096
0.836|0.00110
0.918|0.00123
0.965|0.00123
1.059|0.00130
1.107|0.00144
1.201|0.00151
1.248|0.00151
1.331|0.00164
1.389|0.00178
1.460|0.00178
1.518|0.00178
1.625|0.00192
1.672|0.00206
1.777|0.00208
1.884|0.00215
1.942|0.00226
2.025|0.00236
2.119|0.00243
2.202|0.00261
2.237|0.00263
2.355|0.00269
2.472|0.00288
2.531|0.00291
2.649|0.00298
2.708|0.00309
2.826|0.00317
2.920|0.00325
3.002|0.00343
3.037|0.00345
3.155|0.00352
3.261|0.00370
3.296|0.00375
3.402|0.00384
3.497|0.00398
3.543|0.00398
3.649|0.00412
3.744|0.00425
3.814|0.00425
3.897|0.00430
3.955|0.00446
4.027|0.00453
4.120|0.00466
4.203|0.00480
4.285|0.00480
4.356|0.00485
4.426|0.00501
4.497|0.00512
4.580|0.00521
4.674|0.00535
4.721|0.00542
4.828|0.00556
4.886|0.00562
4.944|0.00567
5.034|0.00583
5.110|0.00604
5.216|0.00617
5.274|0.00617
5.369|0.00622
5.440|0.00652
5.546|0.00666
5.604|0.00672
5.699|0.00677
5.769|0.00707
5.875|0.00720
5.957|0.00727
6.057|0.00732
6.134|0.00764
6.240|0.00782
6.346|0.00782
6.451|0.00810
6.552|0.00814
6.628|0.00844
6.735|0.00864
6.852|0.00864
6.934|0.00878
7.017|0.00896
7.099|0.00919
7.194|0.00933
7.300|0.00947
7.399|0.00951
7.476|0.00981
7.582|0.01002
7.700|0.01002
7.822|0.01016
7.900|0.01034
7.970|0.01061
8.077|0.01084
8.136|0.01091
8.229|0.01111
8.312|0.01111
8.371|0.01134
8.476|0.01148
8.536|0.01171
8.642|0.01189
8.724|0.01203
8.854|0.01226
8.936|0.01244
9.066|0.01267
9.171|0.01286
9.248|0.01304
9.372|0.01324
9.454|0.01336
9.537|0.01367
9.659|0.01382
9.800|0.01405
9.941|0.01431
10.082|0.01459
10.190|0.01485
10.313|0.01510
10.419|0.01528
10.502|0.01558
10.620|0.01573
10.714|0.01597
10.814|0.01626
10.930|0.01640
11.044|0.01665
11.144|0.01697
11.261|0.01715
11.338|0.01743
11.420|0.01757
11.515|0.01777
11.597|0.01802
11.680|0.01832
11.797|0.01846
11.891|0.01867
11.986|0.01894
12.080|0.01921
12.174|0.01948
12.268|0.01976
12.362|0.02004
12.457|0.02031
12.551|0.02058
12.637|0.02088
12.721|0.02123
12.809|0.02155
12.892|0.02168
12.980|0.02202
13.075|0.02223
13.175|0.02251
13.280|0.02287
13.363|0.02319
13.457|0.02354
13.563|0.02377
13.657|0.02422
13.739|0.02442
13.834|0.02477
13.939|0.02507
14.040|0.02541
14.128|0.02587
14.246|0.02610
14.346|0.02662
14.422|0.02692
14.517|0.02731
14.623|0.02758
14.717|0.02801
14.806|0.02841
14.893|0.02877
14.970|0.02916
15.082|0.02946
15.170|0.02980
15.252|0.03026
15.352|0.03055
15.442|0.03090
15.536|0.03136
15.636|0.03166
15.712|0.03200
15.800|0.03245
15.883|0.03268
15.965|0.03308
16.041|0.03337
16.136|0.03383
16.224|0.03406
16.324|0.03459
16.401|0.03488
16.513|0.03534
16.601|0.03570
16.695|0.03616
16.777|0.03660
16.842|0.03694
16.925|0.03740
17.025|0.03769
17.119|0.03825
17.201|0.03879
17.266|0.03914
17.349|0.03959
17.407|0.03989
17.460|0.04023
17.543|0.04062
17.637|0.04099
17.731|0.04154
17.825|0.04208
17.919|0.04263
18.014|0.04319
18.108|0.04373
18.202|0.04428
18.296|0.04483
18.379|0.04538
18.453|0.04593
18.532|0.04648
18.626|0.04702
18.720|0.04757
18.814|0.04813
18.897|0.04867
18.971|0.04923
19.054|0.04977
19.144|0.05032
19.238|0.05087
19.321|0.05142
19.383|0.05196
19.474|0.05251
19.556|0.05307
19.631|0.05361
19.725|0.05417
19.791|0.05471
19.854|0.05526
19.933|0.05581
20.007|0.05636
20.074|0.05691
20.137|0.05745
20.215|0.05801
20.284|0.05862
20.356|0.05908
20.404|0.05965
20.466|0.06020
20.545|0.06075
20.610|0.06137
20.675|0.06183
20.733|0.06240
20.798|0.06302
20.868|0.06355
20.922|0.06402
20.969|0.06459
21.038|0.06521
21.105|0.06574
21.157|0.06621
21.205|0.06679
21.255|0.06734
21.320|0.06796
21.386|0.06849
21.434|0.06903
21.476|0.06951
21.523|0.07009
21.581|0.07064
21.628|0.07118
21.675|0.07173
21.723|0.07228
21.770|0.07283
21.816|0.07337
21.864|0.07392
21.910|0.07447
21.958|0.07503
22.005|0.07558
22.052|0.07612
22.099|0.07674
22.146|0.07727
22.194|0.07781
22.229|0.07837
22.264|0.07884
22.303|0.07941
22.338|0.07997
22.386|0.08058
22.429|0.08110
22.476|0.08166
22.523|0.08221
22.564|0.08275
22.599|0.08331
22.641|0.08378
22.676|0.08443
22.706|0.08496
22.752|0.08550
22.782|0.08605
22.829|0.08660
22.852|0.08715
22.876|0.08763
22.915|0.08827
22.947|0.08879
22.994|0.08936
23.021|0.09012
23.069|0.09072
23.088|0.09127
23.135|0.09174
23.159|0.09236
23.182|0.09291
23.230|0.09339
23.253|0.09401
23.292|0.09485
23.312|0.09538
23.347|0.09587
23.386|0.09651
23.406|0.09703
23.441|0.09757
23.465|0.09813
23.489|0.09860
23.528|0.09925
23.547|0.09978
23.583|0.10025
23.606|0.10089
23.633|0.10136
23.669|0.10199
23.683|0.10251
23.718|0.10307
23.736|0.10361
23.759|0.10417
23.783|0.10465
23.806|0.10529
23.822|0.10575
23.841|0.10639
23.869|0.10684
23.889|0.10748
23.916|0.10794
23.936|0.10858
23.953|0.10911
23.983|0.10966
23.995|0.11020
24.018|0.11075
24.042|0.11131
24.065|0.11178
24.089|0.11242
24.100|0.11295
24.124|0.11349
24.142|0.11405
24.159|0.11460
24.183|0.11514
24.207|0.11563
24.230|0.11627
24.236|0.11672
24.254|0.11736
24.277|0.11789
24.301|0.11838
24.312|0.11901
24.324|0.11954
24.348|0.12001
24.359|0.12066
24.371|0.12119
24.395|0.12173
24.407|0.12229
24.419|0.12283
24.436|0.12338
24.442|0.12393
24.466|0.12448
24.477|0.12502
24.489|0.12550
24.501|0.12615
24.513|0.12668
24.519|0.12723
24.536|0.12771
24.548|0.12834
24.560|0.12887
24.560|0.12942
24.583|0.12990
24.607|0.13054
24.607|0.13106
24.607|0.13162
24.630|0.13217
24.642|0.13271
24.654|0.13326
24.660|0.13381
24.678|0.13436
24.690|0.13490
24.701|0.13545
24.701|0.13600
24.707|0.13656
24.725|0.13711
24.725|0.13765
24.748|0.13820
24.748|0.13875
24.748|0.13931
24.772|0.13985
24.784|0.14039
24.795|0.14094
24.795|0.14150
24.795|0.14205
24.807|0.14259
24.819|0.14314
24.819|0.14369
24.842|0.14425
24.842|0.14480
24.860|0.14534
24.866|0.14588
24.877|0.14644
24.889|0.14699
24.889|0.14753
24.889|0.14808
24.901|0.14863
24.913|0.14919
24.913|0.14974
24.937|0.15028
24.937|0.15082
24.949|0.15138
24.960|0.15193
24.960|0.15241
24.984|0.15305
24.984|0.15357
24.984|0.15413
25.001|0.15468
25.007|0.15515
25.007|0.15579
25.031|0.15632
25.031|0.15687
25.042|0.15741
25.054|0.15796
25.054|0.15845
25.054|0.15909
25.078|0.15962
25.078|0.16017
25.078|0.16071
25.096|0.16126
25.101|0.16181
25.101|0.16229
25.113|0.16293
25.125|0.16345
25.125|0.16401
25.125|0.16456
25.131|0.16511
25.148|0.16565
25.160|0.16613
25.172|0.16677
25.172|0.16729
25.172|0.16784
25.172|0.16839
25.172|0.16895
25.184|0.16950
25.196|0.17005
25.219|0.17059
25.219|0.17114
25.219|0.17169
25.219|0.17224
25.219|0.17278
25.243|0.17333
25.243|0.17389
25.255|0.17444
25.266|0.17499
25.266|0.17553
25.266|0.17608
25.266|0.17663
25.266|0.17718
25.266|0.17772
25.278|0.17827
25.290|0.17883
25.301|0.17938
25.313|0.17993
25.313|0.18047
25.313|0.18102
25.313|0.18157
25.313|0.18213
25.313|0.18267
25.313|0.18321
25.337|0.18377
25.337|0.18424
25.337|0.18489
25.360|0.18541
25.360|0.18596
25.360|0.18651
25.360|0.18707
25.360|0.18762
25.360|0.18816
25.360|0.18871
25.360|0.18926
25.360|0.18981
25.372|0.19035
25.384|0.19090
25.396|0.19145
25.408|0.19201
25.408|0.19256
25.408|0.19310
25.408|0.19365
25.408|0.19420
25.408|0.19475
25.408|0.19529
25.408|0.19584
25.419|0.19639
25.431|0.19695
25.455|0.19743
25.455|0.19806
25.455|0.19859
25.455|0.19914
25.455|0.19969
25.455|0.20023
25.455|0.20078
25.455|0.20133
25.455|0.20189
25.455|0.20244
25.478|0.20298
25.478|0.20353
25.502|0.20408
25.502|0.20463
25.502|0.20517
25.502|0.20572
25.502|0.20627
25.502|0.20683
25.519|0.20738
25.525|0.20792
25.525|0.20847
25.525|0.20896
25.549|0.20959
25.549|0.21011
25.549|0.21066
25.549|0.21121
25.549|0.21177
25.549|0.21232
25.549|0.21286
25.549|0.21335
25.596|0.21399
25.596|0.21479
25.596|0.21533
25.596|0.21615
25.596|0.21671
25.643|0.21719
25.643|0.21753
25.690|0.21808
25.690|0.21863
25.690|0.21918
25.690|0.22001
25.690|0.22055
25.690|0.22109
25.690|0.22165
25.643|0.22220
25.643|0.22274
25.643|0.22329
25.643|0.22385
25.643|0.22440
25.643|0.22495
25.631|0.22549
25.596|0.22603
25.596|0.22659
25.596|0.22714
25.596|0.22768
25.596|0.22823
25.596|0.22879
25.584|0.22934
25.572|0.22989
25.572|0.23044
25.572|0.23098
25.572|0.23153
25.572|0.23208
25.572|0.23262
25.549|0.23317
25.525|0.23373
25.495|0.23428
25.461|0.23483
25.407|0.23538
25.349|0.23565
25.266|0.23620
25.213|0.23647
25.148|0.23702
25.054|0.23756
24.937|0.23784
24.865|0.23832
24.795|0.23855
24.713|0.23887
24.601|0.23921
24.530|0.23938
24.443|0.23969
24.319|0.23997
24.224|0.24017
24.112|0.24038
24.024|0.24068
23.913|0.24093
23.782|0.24116
23.676|0.24148
23.553|0.24171
23.441|0.24203
23.288|0.24225
23.171|0.24260
23.029|0.24274
22.924|0.24299
22.840|0.24315
22.735|0.24340
22.629|0.24354
22.523|0.24361
22.411|0.24381
22.299|0.24397
22.217|0.24418
22.123|0.24436
22.052|0.24450
21.952|0.24472
21.852|0.24491
21.734|0.24512
21.640|0.24525
21.523|0.24532
21.422|0.24548
21.310|0.24573
21.204|0.24583
21.122|0.24601
21.016|0.24617
20.898|0.24628
20.792|0.24642
20.675|0.24663
20.581|0.24665
20.474|0.24690
20.368|0.24697
20.251|0.24711
20.163|0.24717
20.050|0.24727
19.944|0.24745
19.886|0.24752
19.779|0.24766
19.691|0.24772
19.591|0.24782
19.474|0.24800
19.403|0.24800
19.309|0.24814
19.203|0.24827
19.097|0.24827
19.003|0.24837
18.885|0.24855
18.815|0.24855
18.720|0.24863
18.614|0.24875
18.520|0.24882
18.425|0.24891
18.319|0.24896
18.213|0.24910
18.120|0.24923
18.026|0.24923
