0.146|0.00018
0.534|0.00018
0.845|0.00057
1.057|0.00072
1.268|0.00090
1.532|0.00108
1.744|0.00118
1.955|0.00136
2.167|0.00154
2.351|0.00163
2.537|0.00181
2.748|0.00202
2.986|0.00217
3.224|0.00226
3.409|0.00247
3.619|0.00262
3.858|0.00283
4.069|0.00290
4.280|0.00320
4.518|0.00326
4.756|0.00344
5.073|0.00362
5.311|0.00383
5.628|0.00407
5.866|0.00416
6.130|0.00434
6.354|0.00456
6.527|0.00480
6.764|0.00489
7.029|0.00507
7.293|0.00528
7.477|0.00546
7.702|0.00570
7.979|0.00598
8.218|0.00604
8.456|0.00634
8.729|0.00652
9.011|0.00673
9.235|0.00691
9.460|0.00709
9.697|0.00742
9.935|0.00751
10.200|0.00779
10.411|0.00779
10.622|0.00815
10.843|0.00824
11.111|0.00854
11.282|0.00872
11.521|0.00887
11.785|0.00906
12.009|0.00924
12.207|0.00942
12.433|0.00960
12.631|0.00978
12.842|0.00996
13.053|0.01005
13.326|0.01035
13.569|0.01053
13.793|0.01075
14.031|0.01105
14.242|0.01114
14.480|0.01141
14.691|0.01147
14.863|0.01186
15.114|0.01204
15.405|0.01217
15.564|0.01238
15.814|0.01268
16.066|0.01286
16.343|0.01295
16.541|0.01322
16.765|0.01331
16.964|0.01358
17.188|0.01367
17.386|0.01395
17.611|0.01404
17.809|0.01431
18.035|0.01440
18.233|0.01467
18.456|0.01476
18.655|0.01503
18.880|0.01512
19.078|0.01540
19.303|0.01549
19.501|0.01576
19.739|0.01585
19.989|0.01612
20.162|0.01633
20.399|0.01657
20.663|0.01675
20.849|0.01691
21.086|0.01733
21.351|0.01751
21.668|0.01781
21.985|0.01817
22.311|0.01854
22.628|0.01890
22.945|0.01926
23.261|0.01962
23.579|0.01999
23.896|0.02035
24.213|0.02071
24.530|0.02107
24.847|0.02144
25.165|0.02180
25.482|0.02216
25.799|0.02252
26.116|0.02289
26.433|0.02325
26.750|0.02361
27.067|0.02397
27.384|0.02433
27.701|0.02470
28.018|0.02506
28.335|0.02542
28.652|0.02578
28.970|0.02615
29.287|0.02651
29.542|0.02684
29.806|0.02708
30.070|0.02741
30.295|0.02784
30.546|0.02808
30.819|0.02838
31.021|0.02868
31.246|0.02907
31.506|0.02925
31.736|0.02959
31.920|0.02998
32.193|0.03019
32.448|0.03046
32.695|0.03092
32.871|0.03119
33.091|0.03152
33.320|0.03176
33.505|0.03215
33.770|0.03234
33.963|0.03264
34.140|0.03300
34.351|0.03333
34.615|0.03351
34.827|0.03387
35.051|0.03424
35.276|0.03460
35.514|0.03499
35.725|0.03541
35.989|0.03569
36.201|0.03605
36.425|0.03641
36.637|0.03677
36.848|0.03714
37.059|0.03750
37.271|0.03786
37.483|0.03822
37.694|0.03858
37.905|0.03895
38.117|0.03931
38.328|0.03967
38.553|0.04003
38.803|0.04043
39.002|0.04112
39.186|0.04130
39.385|0.04176
39.609|0.04203
39.861|0.04260
40.059|0.04293
40.270|0.04342
40.469|0.04393
40.693|0.04432
40.891|0.04477
41.103|0.04538
41.327|0.04577
41.525|0.04622
41.737|0.04683
41.961|0.04722
42.159|0.04767
42.370|0.04828
42.569|0.04867
42.754|0.04909
42.965|0.04967
43.150|0.05018
43.335|0.05066
43.534|0.05117
43.731|0.05157
43.916|0.05199
44.114|0.05257
44.313|0.05311
44.484|0.05371
44.670|0.05411
44.841|0.05456
45.013|0.05516
45.198|0.05556
45.370|0.05601
45.541|0.05661
45.727|0.05700
45.846|0.05746
46.017|0.05806
46.150|0.05845
46.269|0.05890
46.440|0.05951
46.572|0.05990
46.692|0.06035
46.863|0.06096
46.995|0.06135
47.141|0.06180
47.352|0.06244
47.511|0.06316
47.642|0.06389
47.827|0.06458
47.986|0.06495
48.144|0.06570
48.276|0.06642
48.409|0.06685
48.620|0.06751
48.726|0.06830
48.910|0.06896
49.043|0.06968
49.162|0.07047
49.334|0.07113
49.466|0.07186
49.585|0.07264
49.757|0.07331
49.889|0.07403
50.020|0.07482
50.166|0.07554
50.272|0.07627
50.364|0.07699
50.496|0.07766
50.602|0.07838
50.707|0.07910
50.814|0.07983
50.919|0.08055
51.051|0.08128
51.144|0.08206
51.289|0.08273
51.341|0.08345
51.421|0.08418
51.540|0.08490
51.645|0.08569
51.752|0.08641
51.844|0.08714
51.924|0.08786
52.029|0.08853
52.081|0.08925
52.188|0.08997
52.280|0.09076
52.346|0.09148
52.451|0.09215
52.500|0.09293
52.558|0.09366
52.663|0.09432
52.703|0.09511
52.769|0.09583
52.835|0.09650
52.901|0.09728
52.980|0.09795
53.020|0.09873
53.085|0.09946
53.165|0.10012
53.218|0.10090
53.297|0.10157
53.337|0.10235
53.403|0.10308
53.469|0.10380
53.508|0.10453
53.561|0.10525
53.614|0.10592
53.641|0.10670
53.694|0.10737
53.746|0.10815
53.799|0.10881
53.852|0.10960
53.892|0.11033
53.931|0.11105
53.984|0.11177
54.037|0.11244
54.063|0.11322
54.103|0.11395
54.142|0.11467
54.195|0.11540
54.248|0.11606
54.275|0.11685
54.302|0.11757
54.355|0.11830
54.394|0.11902
54.433|0.11975
54.486|0.12047
54.499|0.12119
54.539|0.12186
54.592|0.12264
54.605|0.12337
54.645|0.12403
54.698|0.12482
54.711|0.12554
54.751|0.12621
54.803|0.12699
54.816|0.12772
54.856|0.12844
54.909|0.12917
54.922|0.12989
54.962|0.13062
55.015|0.13134
55.028|0.13206
55.068|0.13279
55.120|0.13351
55.120|0.13424
55.173|0.13496
55.200|0.13569
55.226|0.13641
55.279|0.13714
55.306|0.13780
55.332|0.13859
55.345|0.13931
55.385|0.13998
55.438|0.14076
55.438|0.14149
55.490|0.14221
55.517|0.14293
55.543|0.14366
55.583|0.14438
55.596|0.14505
55.649|0.14583
55.649|0.14656
55.688|0.14728
55.728|0.14795
55.755|0.14873
55.755|0.14946
55.794|0.15018
55.834|0.15091
55.860|0.15163
55.873|0.15235
55.913|0.15308
55.939|0.15380
55.966|0.15453
55.966|0.15525
55.992|0.15598
56.019|0.15670
56.046|0.15743
56.072|0.15815
56.072|0.15888
56.085|0.15960
56.125|0.16033
56.125|0.16105
56.177|0.16178
56.177|0.16250
56.177|0.16322
56.203|0.16395
56.230|0.16467
56.230|0.16540
56.283|0.16612
56.283|0.16685
56.283|0.16757
56.297|0.16830
56.336|0.16902
56.336|0.16975
56.362|0.17047
56.389|0.17120
56.389|0.17192
56.389|0.17265
56.428|0.17337
56.442|0.17409
56.442|0.17482
56.494|0.17554
56.494|0.17627
56.494|0.17699
56.494|0.17772
56.494|0.17844
56.547|0.17917
56.547|0.17989
56.547|0.18062
56.600|0.18134
56.600|0.18207
56.600|0.18279
56.600|0.18351
56.600|0.18424
56.653|0.18496
56.653|0.18569
56.653|0.18641
56.706|0.18714
56.706|0.18786
56.706|0.18859
56.706|0.18931
56.706|0.19004
56.706|0.19076
56.759|0.19149
56.759|0.19221
56.785|0.19288
56.812|0.19366
56.812|0.19438
56.812|0.19511
56.812|0.19583
56.812|0.19656
56.812|0.19728
56.851|0.19801
56.864|0.19867
56.917|0.19946
56.917|0.20018
56.917|0.20091
56.917|0.20163
56.917|0.20236
56.917|0.20308
56.917|0.20381
56.970|0.20453
56.970|0.20525
56.970|0.20598
57.023|0.20670
57.023|0.20743
57.023|0.20815
57.023|0.20888
57.023|0.20960
57.023|0.21033
57.023|0.21105
57.076|0.21178
57.076|0.21250
57.076|0.21323
57.076|0.21395
57.129|0.21467
57.129|0.21540
57.129|0.21612
57.129|0.21685
57.129|0.21757
57.129|0.21830
57.129|0.21902
57.129|0.21975
57.129|0.22047
57.142|0.22120
57.182|0.22192
57.182|0.22265
57.182|0.22337
57.182|0.22410
57.182|0.22482
57.208|0.22554
57.234|0.22627
57.234|0.22699
57.234|0.22772
57.234|0.22844
57.234|0.22917
57.234|0.22989
57.234|0.23062
57.234|0.23134
57.234|0.23207
57.234|0.23279
57.248|0.23352
57.287|0.23424
57.287|0.23497
57.287|0.23569
57.287|0.23641
57.287|0.23714
57.287|0.23786
57.314|0.23859
57.340|0.23931
57.340|0.24004
57.340|0.24076
57.340|0.24149
57.340|0.24221
57.340|0.24294
57.340|0.24366
57.340|0.24439
57.340|0.24511
57.340|0.24583
57.340|0.24656
57.340|0.24728
57.340|0.24801
57.340|0.24873
57.340|0.24946
57.340|0.25018
57.340|0.25091
57.340|0.25163
57.353|0.25236
57.380|0.25302
57.393|0.25381
57.393|0.25453
57.393|0.25526
57.393|0.25598
57.393|0.25670
57.393|0.25743
57.393|0.25815
57.393|0.25888
57.393|0.25960
57.393|0.26033
57.393|0.26105
57.393|0.26178
57.446|0.26250
57.446|0.26323
57.446|0.26395
57.446|0.26468
57.446|0.26540
57.446|0.26612
57.446|0.26685
57.446|0.26757
57.446|0.26830
57.446|0.26902
57.446|0.26975
57.446|0.27047
57.446|0.27120
57.446|0.27192
57.446|0.27265
57.446|0.27337
57.446|0.27410
57.551|0.27482
57.551|0.27555
57.551|0.27627
57.551|0.27699
57.551|0.27772
57.551|0.27844
57.551|0.27917
57.551|0.27989
57.551|0.28062
57.551|0.28134
57.551|0.28207
57.551|0.28279
57.551|0.28352
57.551|0.28424
57.551|0.28497
57.551|0.28569
57.551|0.28642
57.551|0.28714
57.551|0.28786
57.551|0.28859
57.551|0.28931
57.551|0.29004
57.551|0.29076
57.657|0.29149
57.657|0.29221
57.657|0.29294
57.657|0.29366
57.657|0.29439
57.657|0.29511
57.604|0.29584
57.551|0.29656
57.551|0.29728
57.551|0.29801
57.551|0.29873
57.551|0.29946
57.551|0.30018
57.551|0.30091
57.446|0.30163
57.419|0.30236
57.393|0.30308
57.393|0.30381
57.393|0.30453
57.393|0.30526
57.393|0.30598
57.393|0.30671
57.393|0.30743
57.340|0.30815
57.261|0.30888
57.195|0.30960
57.102|0.31033
56.970|0.31096
56.811|0.31141
56.759|0.31178
56.573|0.31241
56.495|0.31287
56.336|0.31344
56.090|0.31413
55.966|0.31461
55.781|0.31504
55.544|0.31561
55.332|0.31613
55.133|0.31631
54.922|0.31676
54.710|0.31703
54.473|0.31739
54.222|0.31779
53.957|0.31821
53.746|0.31848
53.508|0.31875
53.218|0.31905
53.033|0.31951
52.848|0.31984
52.558|0.32011
52.293|0.32029
52.108|0.32056
51.844|0.32087
51.606|0.32123
51.395|0.32138
51.130|0.32168
50.919|0.32183
50.734|0.32204
50.523|0.32229
50.285|0.32247
50.060|0.32268
49.862|0.32301
49.677|0.32313
49.439|0.32346
49.175|0.32364
48.832|0.32376
48.567|0.32410
48.303|0.32428
48.105|0.32449
47.880|0.32473
47.695|0.32482
47.511|0.32500
47.312|0.32518
47.061|0.32537
46.823|0.32555
46.559|0.32558
46.322|0.32582
46.109|0.32603
45.872|0.32609
45.634|0.32627
45.370|0.32645
45.132|0.32654
44.921|0.32666
44.683|0.32691
44.525|0.32700
44.339|0.32709
44.128|0.32718
43.917|0.32736
43.718|0.32754
43.494|0.32763
43.282|0.32772
43.018|0.32772
42.807|0.32781
42.596|0.32799
42.358|0.32808
42.133|0.32820
41.909|0.32826
41.671|0.32844
41.432|0.32848
41.195|0.32863
40.957|0.32872
40.719|0.32899
40.534|0.32899
