0.012|-0.00006
0.042|0.00016
0.061|0.00029
0.082|0.00042
0.108|0.00060
0.135|0.00060
0.158|0.00077
0.175|0.00082
0.196|0.00086
0.210|0.00104
0.228|0.00110
0.245|0.00121
0.263|0.00127
0.280|0.00130
0.304|0.00143
0.316|0.00154
0.336|0.00160
0.357|0.00171
0.374|0.00171
0.392|0.00177
0.403|0.00193
0.427|0.00199
0.450|0.00210
0.471|0.00215
0.497|0.00220
0.514|0.00237
0.535|0.00241
0.550|0.00259
0.570|0.00276
0.587|0.00281
0.602|0.00281
0.625|0.00298
0.646|0.00304
0.669|0.00314
0.678|0.00326
0.702|0.00329
0.722|0.00348
0.742|0.00358
0.766|0.00370
0.783|0.00371
0.806|0.00383
0.824|0.00403
0.848|0.00414
0.865|0.00416
0.886|0.00427
0.906|0.00447
0.927|0.00458
0.941|0.00460
0.964|0.00473
0.985|0.00491
1.006|0.00502
1.020|0.00502
1.043|0.00524
1.058|0.00528
1.079|0.00542
1.099|0.00557
1.125|0.00568
1.134|0.00572
1.160|0.00591
1.172|0.00601
1.198|0.00614
1.215|0.00619
1.236|0.00640
1.254|0.00657
1.268|0.00660
1.290|0.00686
1.315|0.00695
1.339|0.00705
1.353|0.00723
1.377|0.00740
1.391|0.00745
1.406|0.00762
1.420|0.00767
1.444|0.00778
1.464|0.00793
1.485|0.00805
1.505|0.00816
1.523|0.00835
1.543|0.00846
1.565|0.00866
1.584|0.00879
1.608|0.00892
1.631|0.00910
1.657|0.00925
1.676|0.00943
1.707|0.00959
1.724|0.00969
1.749|0.00995
1.771|0.01010
1.800|0.01021
1.821|0.01032
1.841|0.01054
1.862|0.01060
1.882|0.01079
1.897|0.01098
1.917|0.01114
1.929|0.01120
1.955|0.01138
1.964|0.01150
1.988|0.01170
2.008|0.01180
2.029|0.01186
2.040|0.01212
2.062|0.01226
2.087|0.01247
2.111|0.01265
2.123|0.01274
2.145|0.01290
2.169|0.01318
2.192|0.01319
2.207|0.01344
2.227|0.01369
2.245|0.01380
2.274|0.01407
2.288|0.01412
2.311|0.01435
2.333|0.01451
2.353|0.01464
2.375|0.01486
2.397|0.01511
2.417|0.01517
2.429|0.01539
2.449|0.01555
2.464|0.01567
2.484|0.01583
2.508|0.01599
2.531|0.01616
2.554|0.01638
2.578|0.01660
2.601|0.01682
2.625|0.01704
2.648|0.01726
2.671|0.01748
2.694|0.01770
2.712|0.01794
2.736|0.01822
2.759|0.01847
2.776|0.01859
2.791|0.01888
2.813|0.01910
2.832|0.01935
2.841|0.01948
2.865|0.01974
2.885|0.02002
2.901|0.02014
2.921|0.02040
2.943|0.02068
2.955|0.02086
2.978|0.02107
2.990|0.02130
3.013|0.02150
3.025|0.02175
3.048|0.02194
3.060|0.02218
3.083|0.02239
3.104|0.02262
3.123|0.02288
3.145|0.02323
3.165|0.02348
3.186|0.02372
3.207|0.02398
3.232|0.02433
3.250|0.02464
3.271|0.02493
3.289|0.02525
3.312|0.02549
3.327|0.02576
3.349|0.02612
3.375|0.02642
3.396|0.02675
3.418|0.02717
3.434|0.02746
3.452|0.02769
3.471|0.02810
3.492|0.02835
3.513|0.02860
3.535|0.02895
3.551|0.02928
3.571|0.02965
3.592|0.02989
3.609|0.03016
3.628|0.03053
3.647|0.03077
3.665|0.03104
3.688|0.03141
3.702|0.03165
3.718|0.03193
3.740|0.03229
3.760|0.03253
3.773|0.03281
3.792|0.03317
3.814|0.03341
3.830|0.03368
3.851|0.03406
3.865|0.03429
3.878|0.03456
3.897|0.03494
3.912|0.03517
3.925|0.03545
3.945|0.03581
3.959|0.03605
3.972|0.03632
3.992|0.03669
4.005|0.03694
4.019|0.03721
4.037|0.03757
4.057|0.03782
4.072|0.03831
4.088|0.03870
4.101|0.03897
4.120|0.03934
4.135|0.03957
4.150|0.03985
4.165|0.04023
4.178|0.04065
4.194|0.04090
4.206|0.04115
4.226|0.04154
4.241|0.04176
4.255|0.04222
4.267|0.04247
4.290|0.04287
4.305|0.04331
4.326|0.04376
4.344|0.04419
4.361|0.04464
4.384|0.04508
4.402|0.04551
4.421|0.04599
4.443|0.04639
4.460|0.04684
4.478|0.04731
4.501|0.04772
4.513|0.04816
4.536|0.04859
4.553|0.04903
4.575|0.04951
4.595|0.04992
4.607|0.05039
4.627|0.05079
4.642|0.05124
4.656|0.05167
4.677|0.05212
4.689|0.05259
4.709|0.05300
4.723|0.05343
4.736|0.05391
4.755|0.05432
4.770|0.05475
4.784|0.05523
4.802|0.05564
4.817|0.05607
4.830|0.05655
4.846|0.05695
4.861|0.05740
4.875|0.05783
4.889|0.05831
4.904|0.05872
4.919|0.05915
4.934|0.05960
4.947|0.06007
4.963|0.06051
4.975|0.06091
4.986|0.06135
4.998|0.06180
5.010|0.06223
5.018|0.06268
5.033|0.06309
5.050|0.06337
5.062|0.06381
5.074|0.06425
5.085|0.06469
5.098|0.06513
5.111|0.06557
5.123|0.06601
5.133|0.06645
5.146|0.06689
5.157|0.06733
5.169|0.06777
5.181|0.06821
5.192|0.06865
5.202|0.06909
5.211|0.06947
5.221|0.06993
5.230|0.07037
5.242|0.07081
5.252|0.07125
5.264|0.07169
5.276|0.07213
5.287|0.07256
5.299|0.07306
5.309|0.07348
5.321|0.07392
5.332|0.07436
5.340|0.07480
5.352|0.07519
5.360|0.07564
5.369|0.07614
5.380|0.07656
5.388|0.07700
5.398|0.07738
5.408|0.07784
5.416|0.07832
5.425|0.07876
5.434|0.07914
5.443|0.07961
5.452|0.08010
5.460|0.08052
5.469|0.08091
5.478|0.08136
5.487|0.08186
5.498|0.08228
5.505|0.08272
5.515|0.08310
5.525|0.08357
5.533|0.08406
5.540|0.08448
5.550|0.08486
5.560|0.08533
5.568|0.08582
5.575|0.08624
5.585|0.08663
5.595|0.08708
5.603|0.08758
5.611|0.08800
5.620|0.08844
5.626|0.08888
5.632|0.08926
5.642|0.08977
5.649|0.09020
5.656|0.09064
5.665|0.09108
5.673|0.09152
5.678|0.09191
5.685|0.09241
5.689|0.09278
5.699|0.09329
5.704|0.09371
5.714|0.09409
5.723|0.09461
5.728|0.09503
5.736|0.09547
5.743|0.09591
5.749|0.09629
5.758|0.09681
5.761|0.09723
5.771|0.09762
5.781|0.09813
5.784|0.09855
5.795|0.09899
5.802|0.09943
5.806|0.09987
5.813|0.10031
5.817|0.10075
5.825|0.10119
5.830|0.10163
5.837|0.10207
5.841|0.10251
5.848|0.10295
5.853|0.10339
5.857|0.10383
5.863|0.10427
5.869|0.10465
5.875|0.10517
5.877|0.10554
5.884|0.10605
5.888|0.10647
5.895|0.10691
5.898|0.10735
5.904|0.10778
5.910|0.10822
5.915|0.10861
5.922|0.10912
5.922|0.10948
5.927|0.11000
5.933|0.11042
5.938|0.11081
5.945|0.11132
5.945|0.11174
5.951|0.11218
5.957|0.11262
5.961|0.11300
5.965|0.11352
5.968|0.11394
5.974|0.11432
5.977|0.11484
5.980|0.11526
5.986|0.11564
5.992|0.11616
5.994|0.11658
5.998|0.11702
6.003|0.11746
6.009|0.11785
6.012|0.11836
6.015|0.11878
6.021|0.11916
6.024|0.11968
6.027|0.12010
6.033|0.12048
6.038|0.12099
6.040|0.12141
6.044|0.12185
6.050|0.12229
6.054|0.12268
6.059|0.12319
6.062|0.12361
6.068|0.12399
6.071|0.12451
6.074|0.12493
6.079|0.12532
6.082|0.12583
6.086|0.12625
6.091|0.12663
6.094|0.12715
6.098|0.12757
6.103|0.12795
6.106|0.12845
6.109|0.12889
6.114|0.12928
6.114|0.12977
6.120|0.13021
6.123|0.13065
6.126|0.13104
6.132|0.13155
6.133|0.13197
6.136|0.13241
6.138|0.13285
6.144|0.13329
6.146|0.13372
6.150|0.13417
6.152|0.13460
6.155|0.13504
6.157|0.13548
6.161|0.13587
6.167|0.13638
6.167|0.13680
6.168|0.13724
6.173|0.13768
6.179|0.13812
6.179|0.13856
6.182|0.13900
6.185|0.13944
6.190|0.13988
6.190|0.14032
6.191|0.14076
6.196|0.14114
6.202|0.14166
6.202|0.14208
6.202|0.14252
6.205|0.14296
6.208|0.14340
6.214|0.14384
6.214|0.14428
6.216|0.14472
6.220|0.14510
6.223|0.14561
6.226|0.14603
6.226|0.14647
6.229|0.14691
6.231|0.14730
6.237|0.14781
6.237|0.14823
6.237|0.14867
6.242|0.14911
6.243|0.14955
6.249|0.14999
6.249|0.15043
6.252|0.15087
6.255|0.15126
6.255|0.15177
6.261|0.15219
6.261|0.15263
6.261|0.15307
6.261|0.15351
6.266|0.15390
6.272|0.15441
6.272|0.15483
6.272|0.15527
6.272|0.15571
6.275|0.15615
6.278|0.15659
6.284|0.15702
6.284|0.15746
6.284|0.15790
6.285|0.15834
6.290|0.15873
6.293|0.15924
6.296|0.15966
6.296|0.16010
6.296|0.16054
6.300|0.16098
6.302|0.16137
6.304|0.16188
6.307|0.16230
6.307|0.16274
6.307|0.16318
6.311|0.16362
6.313|0.16401
6.316|0.16452
6.319|0.16494
6.319|0.16538
6.319|0.16582
6.325|0.16626
6.325|0.16670
6.328|0.16714
6.331|0.16758
6.331|0.16801
6.332|0.16845
6.337|0.16889
6.337|0.16928
6.342|0.16979
6.342|0.17021
6.342|0.17065
6.342|0.17109
6.346|0.17153
6.348|0.17197
6.354|0.17241
6.354|0.17285
6.354|0.17329
6.354|0.17373
6.354|0.17411
6.354|0.17463
6.360|0.17505
6.366|0.17549
6.366|0.17593
6.372|0.17637
6.378|0.17681
6.378|0.17725
6.378|0.17769
6.378|0.17813
6.378|0.17900
6.378|0.17944
6.378|0.17988
6.372|0.18032
6.366|0.18076
6.366|0.18120
6.366|0.18164
6.357|0.18208
6.354|0.18252
6.354|0.18296
6.354|0.18340
6.354|0.18384
6.354|0.18428
6.351|0.18472
6.348|0.18516
6.348|0.18554
6.348|0.18604
6.345|0.18659
6.336|0.18715
6.328|0.18757
6.319|0.18801
6.307|0.18845
6.290|0.18867
6.269|0.18911
6.258|0.18933
6.243|0.18977
6.223|0.19015
6.191|0.19055
6.165|0.19093
6.141|0.19120
6.119|0.19142
6.097|0.19158
6.072|0.19179
6.046|0.19196
6.025|0.19223
6.003|0.19240
5.976|0.19259
5.951|0.19279
5.920|0.19301
5.896|0.19317
5.869|0.19334
5.841|0.19357
5.815|0.19376
5.775|0.19390
5.755|0.19415
5.731|0.19426
5.699|0.19444
5.679|0.19455
5.659|0.19476
5.638|0.19487
5.619|0.19498
5.595|0.19509
5.572|0.19520
5.544|0.19536
5.512|0.19549
5.486|0.19570
5.457|0.19584
5.431|0.19601
5.407|0.19612
5.380|0.19623
5.349|0.19642
5.322|0.19658
5.293|0.19673
5.267|0.19684
5.239|0.19694
5.208|0.19707
5.182|0.19723
5.156|0.19733
5.130|0.19743
5.103|0.19754
5.081|0.19765
5.053|0.19770
5.027|0.19781
4.998|0.19789
4.972|0.19798
4.954|0.19810
4.934|0.19820
4.905|0.19831
4.890|0.19837
4.864|0.19847
4.840|0.19853
4.817|0.19859
4.790|0.19869
4.767|0.19874
4.738|0.19885
4.712|0.19885
4.688|0.19896
4.659|0.19898
4.633|0.19907
4.609|0.19917
4.586|0.19920
4.556|0.19929
4.533|0.19934
4.510|0.19950
4.484|0.19951
